2025/10/04-14:47:23.863220 3dcc RocksDB version: 8.10.0
2025/10/04-14:47:23.863286 3dcc Compile date 2023-12-15 13:01:14
2025/10/04-14:47:23.863317 3dcc DB SUMMARY
2025/10/04-14:47:23.863335 3dcc Host name (Env):  LAPTOP-9MCODDG3
2025/10/04-14:47:23.863348 3dcc DB Session ID:  HHZQO2K650D8M6E2MVAJ
2025/10/04-14:47:23.863584 3dcc SST files in ./storage\collections\user_vectors_1024\0\segments\1bd0360b-3909-4c04-81c6-0e47eb570d0a\payload_index dir, Total Num: 0, files: 
2025/10/04-14:47:23.863606 3dcc Write Ahead Log file in ./storage\collections\user_vectors_1024\0\segments\1bd0360b-3909-4c04-81c6-0e47eb570d0a\payload_index: 
2025/10/04-14:47:23.863619 3dcc                         Options.error_if_exists: 0
2025/10/04-14:47:23.863632 3dcc                       Options.create_if_missing: 1
2025/10/04-14:47:23.863846 3dcc                         Options.paranoid_checks: 1
2025/10/04-14:47:23.863857 3dcc             Options.flush_verify_memtable_count: 1
2025/10/04-14:47:23.863863 3dcc          Options.compaction_verify_record_count: 1
2025/10/04-14:47:23.863869 3dcc                               Options.track_and_verify_wals_in_manifest: 0
2025/10/04-14:47:23.863874 3dcc        Options.verify_sst_unique_id_in_manifest: 1
2025/10/04-14:47:23.863879 3dcc                                     Options.env: 000001F24A636E50
2025/10/04-14:47:23.863884 3dcc                                      Options.fs: WinFS
2025/10/04-14:47:23.863889 3dcc                                Options.info_log: 000001F24BE8DAE0
2025/10/04-14:47:23.863894 3dcc                Options.max_file_opening_threads: 16
2025/10/04-14:47:23.863899 3dcc                              Options.statistics: 0000000000000000
2025/10/04-14:47:23.863903 3dcc                               Options.use_fsync: 0
2025/10/04-14:47:23.863908 3dcc                       Options.max_log_file_size: 1048576
2025/10/04-14:47:23.863914 3dcc                  Options.max_manifest_file_size: 1073741824
2025/10/04-14:47:23.863919 3dcc                   Options.log_file_time_to_roll: 0
2025/10/04-14:47:23.863925 3dcc                       Options.keep_log_file_num: 1
2025/10/04-14:47:23.863930 3dcc                    Options.recycle_log_file_num: 0
2025/10/04-14:47:23.863935 3dcc                         Options.allow_fallocate: 1
2025/10/04-14:47:23.863940 3dcc                        Options.allow_mmap_reads: 0
2025/10/04-14:47:23.863945 3dcc                       Options.allow_mmap_writes: 0
2025/10/04-14:47:23.863951 3dcc                        Options.use_direct_reads: 0
2025/10/04-14:47:23.863956 3dcc                        Options.use_direct_io_for_flush_and_compaction: 0
2025/10/04-14:47:23.863961 3dcc          Options.create_missing_column_families: 1
2025/10/04-14:47:23.863966 3dcc                              Options.db_log_dir: 
2025/10/04-14:47:23.863971 3dcc                                 Options.wal_dir: 
2025/10/04-14:47:23.863976 3dcc                Options.table_cache_numshardbits: 6
2025/10/04-14:47:23.863981 3dcc                         Options.WAL_ttl_seconds: 0
2025/10/04-14:47:23.863988 3dcc                       Options.WAL_size_limit_MB: 0
2025/10/04-14:47:23.863993 3dcc                        Options.max_write_batch_group_size_bytes: 1048576
2025/10/04-14:47:23.863998 3dcc             Options.manifest_preallocation_size: 4194304
2025/10/04-14:47:23.864003 3dcc                     Options.is_fd_close_on_exec: 1
2025/10/04-14:47:23.864008 3dcc                   Options.advise_random_on_open: 1
2025/10/04-14:47:23.864012 3dcc                    Options.db_write_buffer_size: 0
2025/10/04-14:47:23.864018 3dcc                    Options.write_buffer_manager: 000001F24C36FA40
2025/10/04-14:47:23.864023 3dcc         Options.access_hint_on_compaction_start: 1
2025/10/04-14:47:23.864027 3dcc           Options.random_access_max_buffer_size: 1048576
2025/10/04-14:47:23.864031 3dcc                      Options.use_adaptive_mutex: 0
2025/10/04-14:47:23.864036 3dcc                            Options.rate_limiter: 0000000000000000
2025/10/04-14:47:23.864041 3dcc     Options.sst_file_manager.rate_bytes_per_sec: 0
2025/10/04-14:47:23.864075 3dcc                       Options.wal_recovery_mode: 0
2025/10/04-14:47:23.864082 3dcc                  Options.enable_thread_tracking: 0
2025/10/04-14:47:23.864087 3dcc                  Options.enable_pipelined_write: 0
2025/10/04-14:47:23.864092 3dcc                  Options.unordered_write: 0
2025/10/04-14:47:23.864096 3dcc         Options.allow_concurrent_memtable_write: 1
2025/10/04-14:47:23.864100 3dcc      Options.enable_write_thread_adaptive_yield: 1
2025/10/04-14:47:23.864105 3dcc             Options.write_thread_max_yield_usec: 100
2025/10/04-14:47:23.864110 3dcc            Options.write_thread_slow_yield_usec: 3
2025/10/04-14:47:23.864114 3dcc                               Options.row_cache: None
2025/10/04-14:47:23.864119 3dcc                              Options.wal_filter: None
2025/10/04-14:47:23.864124 3dcc             Options.avoid_flush_during_recovery: 0
2025/10/04-14:47:23.864129 3dcc             Options.allow_ingest_behind: 0
2025/10/04-14:47:23.864133 3dcc             Options.two_write_queues: 0
2025/10/04-14:47:23.864138 3dcc             Options.manual_wal_flush: 0
2025/10/04-14:47:23.864143 3dcc             Options.wal_compression: 0
2025/10/04-14:47:23.864147 3dcc             Options.atomic_flush: 0
2025/10/04-14:47:23.864152 3dcc             Options.avoid_unnecessary_blocking_io: 0
2025/10/04-14:47:23.864157 3dcc                 Options.persist_stats_to_disk: 0
2025/10/04-14:47:23.864162 3dcc                 Options.write_dbid_to_manifest: 0
2025/10/04-14:47:23.864167 3dcc                 Options.log_readahead_size: 0
2025/10/04-14:47:23.864172 3dcc                 Options.file_checksum_gen_factory: Unknown
2025/10/04-14:47:23.864177 3dcc                 Options.best_efforts_recovery: 0
2025/10/04-14:47:23.864182 3dcc                Options.max_bgerror_resume_count: 2147483647
2025/10/04-14:47:23.864187 3dcc            Options.bgerror_resume_retry_interval: 1000000
2025/10/04-14:47:23.864192 3dcc             Options.allow_data_in_errors: 0
2025/10/04-14:47:23.864197 3dcc             Options.db_host_id: __hostname__
2025/10/04-14:47:23.864201 3dcc             Options.enforce_single_del_contracts: true
2025/10/04-14:47:23.864207 3dcc             Options.max_background_jobs: 2
2025/10/04-14:47:23.864211 3dcc             Options.max_background_compactions: -1
2025/10/04-14:47:23.864216 3dcc             Options.max_subcompactions: 1
2025/10/04-14:47:23.864221 3dcc             Options.avoid_flush_during_shutdown: 0
2025/10/04-14:47:23.864226 3dcc           Options.writable_file_max_buffer_size: 1048576
2025/10/04-14:47:23.864231 3dcc             Options.delayed_write_rate : 16777216
2025/10/04-14:47:23.864236 3dcc             Options.max_total_wal_size: 0
2025/10/04-14:47:23.864241 3dcc             Options.delete_obsolete_files_period_micros: 180000000
2025/10/04-14:47:23.864246 3dcc                   Options.stats_dump_period_sec: 600
2025/10/04-14:47:23.864252 3dcc                 Options.stats_persist_period_sec: 600
2025/10/04-14:47:23.864257 3dcc                 Options.stats_history_buffer_size: 1048576
2025/10/04-14:47:23.864262 3dcc                          Options.max_open_files: 256
2025/10/04-14:47:23.864267 3dcc                          Options.bytes_per_sync: 0
2025/10/04-14:47:23.864272 3dcc                      Options.wal_bytes_per_sync: 0
2025/10/04-14:47:23.864277 3dcc                   Options.strict_bytes_per_sync: 0
2025/10/04-14:47:23.864282 3dcc       Options.compaction_readahead_size: 2097152
2025/10/04-14:47:23.864318 3dcc                  Options.max_background_flushes: -1
2025/10/04-14:47:23.864325 3dcc Options.daily_offpeak_time_utc: 
2025/10/04-14:47:23.864330 3dcc Compression algorithms supported:
2025/10/04-14:47:23.864336 3dcc 	kZSTD supported: 0
2025/10/04-14:47:23.864341 3dcc 	kSnappyCompression supported: 1
2025/10/04-14:47:23.864346 3dcc 	kBZip2Compression supported: 0
2025/10/04-14:47:23.864350 3dcc 	kZlibCompression supported: 0
2025/10/04-14:47:23.864355 3dcc 	kLZ4Compression supported: 0
2025/10/04-14:47:23.864360 3dcc 	kXpressCompression supported: 0
2025/10/04-14:47:23.864395 3dcc 	kLZ4HCCompression supported: 0
2025/10/04-14:47:23.864401 3dcc 	kZSTDNotFinalCompression supported: 0
2025/10/04-14:47:23.864407 3dcc Fast CRC32 supported: Not supported on x86
2025/10/04-14:47:23.864411 3dcc DMutex implementation: std::mutex
2025/10/04-14:47:23.882843 3dcc               Options.comparator: leveldb.BytewiseComparator
2025/10/04-14:47:23.882855 3dcc           Options.merge_operator: None
2025/10/04-14:47:23.882859 3dcc        Options.compaction_filter: None
2025/10/04-14:47:23.882863 3dcc        Options.compaction_filter_factory: None
2025/10/04-14:47:23.882867 3dcc  Options.sst_partitioner_factory: None
2025/10/04-14:47:23.882870 3dcc         Options.memtable_factory: SkipListFactory
2025/10/04-14:47:23.882874 3dcc            Options.table_factory: BlockBasedTable
2025/10/04-14:47:23.882896 3dcc            table_factory options:   flush_block_policy_factory: FlushBlockBySizePolicyFactory (000001F24C734CB0)
  cache_index_and_filter_blocks: 0
  cache_index_and_filter_blocks_with_high_priority: 1
  pin_l0_filter_and_index_blocks_in_cache: 0
  pin_top_level_index_and_filter: 1
  index_type: 0
  data_block_index_type: 0
  index_shortening: 1
  data_block_hash_table_util_ratio: 0.750000
  checksum: 4
  no_block_cache: 0
  block_cache: 000001F24C36F690
  block_cache_name: LRUCache
  block_cache_options:
    capacity : 33554432
    num_shard_bits : 6
    strict_capacity_limit : 0
    memory_allocator : None
    high_pri_pool_ratio: 0.500
    low_pri_pool_ratio: 0.000
  persistent_cache: 0000000000000000
  block_size: 4096
  block_size_deviation: 10
  block_restart_interval: 16
  index_block_restart_interval: 1
  metadata_block_size: 4096
  partition_filters: 0
  use_delta_encoding: 1
  filter_policy: nullptr
  whole_key_filtering: 1
  verify_compression: 0
  read_amp_bytes_per_bit: 0
  format_version: 5
  enable_index_compression: 1
  block_align: 0
  max_auto_readahead_size: 262144
  prepopulate_block_cache: 0
  initial_auto_readahead_size: 8192
  num_file_reads_for_auto_readahead: 2
2025/10/04-14:47:23.882903 3dcc        Options.write_buffer_size: 10485760
2025/10/04-14:47:23.882908 3dcc  Options.max_write_buffer_number: 2
2025/10/04-14:47:23.882914 3dcc          Options.compression: Snappy
2025/10/04-14:47:23.882920 3dcc                  Options.bottommost_compression: Disabled
2025/10/04-14:47:23.882924 3dcc       Options.prefix_extractor: nullptr
2025/10/04-14:47:23.882929 3dcc   Options.memtable_insert_with_hint_prefix_extractor: nullptr
2025/10/04-14:47:23.882934 3dcc             Options.num_levels: 7
2025/10/04-14:47:23.882938 3dcc        Options.min_write_buffer_number_to_merge: 1
2025/10/04-14:47:23.882944 3dcc     Options.max_write_buffer_number_to_maintain: 0
2025/10/04-14:47:23.882950 3dcc     Options.max_write_buffer_size_to_maintain: 0
2025/10/04-14:47:23.882956 3dcc            Options.bottommost_compression_opts.window_bits: -14
2025/10/04-14:47:23.882962 3dcc                  Options.bottommost_compression_opts.level: 32767
2025/10/04-14:47:23.882967 3dcc               Options.bottommost_compression_opts.strategy: 0
2025/10/04-14:47:23.882972 3dcc         Options.bottommost_compression_opts.max_dict_bytes: 0
2025/10/04-14:47:23.882978 3dcc         Options.bottommost_compression_opts.zstd_max_train_bytes: 0
2025/10/04-14:47:23.882984 3dcc         Options.bottommost_compression_opts.parallel_threads: 1
2025/10/04-14:47:23.882989 3dcc                  Options.bottommost_compression_opts.enabled: false
2025/10/04-14:47:23.882994 3dcc         Options.bottommost_compression_opts.max_dict_buffer_bytes: 0
2025/10/04-14:47:23.882999 3dcc         Options.bottommost_compression_opts.use_zstd_dict_trainer: true
2025/10/04-14:47:23.883005 3dcc            Options.compression_opts.window_bits: -14
2025/10/04-14:47:23.883008 3dcc                  Options.compression_opts.level: 32767
2025/10/04-14:47:23.883012 3dcc               Options.compression_opts.strategy: 0
2025/10/04-14:47:23.883015 3dcc         Options.compression_opts.max_dict_bytes: 0
2025/10/04-14:47:23.883022 3dcc         Options.compression_opts.zstd_max_train_bytes: 0
2025/10/04-14:47:23.883028 3dcc         Options.compression_opts.use_zstd_dict_trainer: true
2025/10/04-14:47:23.883032 3dcc         Options.compression_opts.parallel_threads: 1
2025/10/04-14:47:23.883037 3dcc                  Options.compression_opts.enabled: false
2025/10/04-14:47:23.883042 3dcc         Options.compression_opts.max_dict_buffer_bytes: 0
2025/10/04-14:47:23.883049 3dcc      Options.level0_file_num_compaction_trigger: 4
2025/10/04-14:47:23.883055 3dcc          Options.level0_slowdown_writes_trigger: 20
2025/10/04-14:47:23.883059 3dcc              Options.level0_stop_writes_trigger: 36
2025/10/04-14:47:23.883064 3dcc                   Options.target_file_size_base: 67108864
2025/10/04-14:47:23.883068 3dcc             Options.target_file_size_multiplier: 1
2025/10/04-14:47:23.883073 3dcc                Options.max_bytes_for_level_base: 268435456
2025/10/04-14:47:23.883079 3dcc Options.level_compaction_dynamic_level_bytes: 1
2025/10/04-14:47:23.883085 3dcc          Options.max_bytes_for_level_multiplier: 10.000000
2025/10/04-14:47:23.883090 3dcc Options.max_bytes_for_level_multiplier_addtl[0]: 1
2025/10/04-14:47:23.883096 3dcc Options.max_bytes_for_level_multiplier_addtl[1]: 1
2025/10/04-14:47:23.883101 3dcc Options.max_bytes_for_level_multiplier_addtl[2]: 1
2025/10/04-14:47:23.883113 3dcc Options.max_bytes_for_level_multiplier_addtl[3]: 1
2025/10/04-14:47:23.883119 3dcc Options.max_bytes_for_level_multiplier_addtl[4]: 1
2025/10/04-14:47:23.883124 3dcc Options.max_bytes_for_level_multiplier_addtl[5]: 1
2025/10/04-14:47:23.883128 3dcc Options.max_bytes_for_level_multiplier_addtl[6]: 1
2025/10/04-14:47:23.883131 3dcc       Options.max_sequential_skip_in_iterations: 8
2025/10/04-14:47:23.883135 3dcc                    Options.max_compaction_bytes: 1677721600
2025/10/04-14:47:23.883140 3dcc   Options.ignore_max_compaction_bytes_for_input: true
2025/10/04-14:47:23.883144 3dcc                        Options.arena_block_size: 1048576
2025/10/04-14:47:23.883149 3dcc   Options.soft_pending_compaction_bytes_limit: 68719476736
2025/10/04-14:47:23.883154 3dcc   Options.hard_pending_compaction_bytes_limit: 274877906944
2025/10/04-14:47:23.883158 3dcc                Options.disable_auto_compactions: 0
2025/10/04-14:47:23.883164 3dcc                        Options.compaction_style: kCompactionStyleLevel
2025/10/04-14:47:23.883170 3dcc                          Options.compaction_pri: kMinOverlappingRatio
2025/10/04-14:47:23.883174 3dcc Options.compaction_options_universal.size_ratio: 1
2025/10/04-14:47:23.883179 3dcc Options.compaction_options_universal.min_merge_width: 2
2025/10/04-14:47:23.883184 3dcc Options.compaction_options_universal.max_merge_width: 4294967295
2025/10/04-14:47:23.883190 3dcc Options.compaction_options_universal.max_size_amplification_percent: 200
2025/10/04-14:47:23.883195 3dcc Options.compaction_options_universal.compression_size_percent: -1
2025/10/04-14:47:23.883201 3dcc Options.compaction_options_universal.stop_style: kCompactionStopStyleTotalSize
2025/10/04-14:47:23.883206 3dcc Options.compaction_options_fifo.max_table_files_size: 1073741824
2025/10/04-14:47:23.883211 3dcc Options.compaction_options_fifo.allow_compaction: 0
2025/10/04-14:47:23.883787 3dcc                   Options.table_properties_collectors: 
2025/10/04-14:47:23.883800 3dcc                   Options.inplace_update_support: 0
2025/10/04-14:47:23.883806 3dcc                 Options.inplace_update_num_locks: 10000
2025/10/04-14:47:23.883813 3dcc               Options.memtable_prefix_bloom_size_ratio: 0.000000
2025/10/04-14:47:23.883819 3dcc               Options.memtable_whole_key_filtering: 0
2025/10/04-14:47:23.883823 3dcc   Options.memtable_huge_page_size: 0
2025/10/04-14:47:23.883828 3dcc                           Options.bloom_locality: 0
2025/10/04-14:47:23.883833 3dcc                    Options.max_successive_merges: 0
2025/10/04-14:47:23.883838 3dcc                Options.optimize_filters_for_hits: 0
2025/10/04-14:47:23.883842 3dcc                Options.paranoid_file_checks: 0
2025/10/04-14:47:23.883880 3dcc                Options.force_consistency_checks: 1
2025/10/04-14:47:23.883887 3dcc                Options.report_bg_io_stats: 0
2025/10/04-14:47:23.883892 3dcc                               Options.ttl: 2592000
2025/10/04-14:47:23.883897 3dcc          Options.periodic_compaction_seconds: 0
2025/10/04-14:47:23.883902 3dcc                        Options.default_temperature: kUnknown
2025/10/04-14:47:23.883907 3dcc  Options.preclude_last_level_data_seconds: 0
2025/10/04-14:47:23.883912 3dcc    Options.preserve_internal_time_seconds: 0
2025/10/04-14:47:23.883917 3dcc                       Options.enable_blob_files: false
2025/10/04-14:47:23.883922 3dcc                           Options.min_blob_size: 0
2025/10/04-14:47:23.883926 3dcc                          Options.blob_file_size: 268435456
2025/10/04-14:47:23.883932 3dcc                   Options.blob_compression_type: NoCompression
2025/10/04-14:47:23.883936 3dcc          Options.enable_blob_garbage_collection: false
2025/10/04-14:47:23.883943 3dcc      Options.blob_garbage_collection_age_cutoff: 0.250000
2025/10/04-14:47:23.883949 3dcc Options.blob_garbage_collection_force_threshold: 1.000000
2025/10/04-14:47:23.883954 3dcc          Options.blob_compaction_readahead_size: 0
2025/10/04-14:47:23.883958 3dcc                Options.blob_file_starting_level: 0
2025/10/04-14:47:23.883964 3dcc         Options.experimental_mempurge_threshold: 0.000000
2025/10/04-14:47:23.883970 3dcc            Options.memtable_max_range_deletions: 0
2025/10/04-14:47:23.946241 3dcc DB pointer 000001F24C83EE80
