2025/10/04-14:47:23.890550 6c78 RocksDB version: 8.10.0
2025/10/04-14:47:23.890612 6c78 Compile date 2023-12-15 13:01:14
2025/10/04-14:47:23.890630 6c78 DB SUMMARY
2025/10/04-14:47:23.890644 6c78 Host name (Env):  LAPTOP-9MCODDG3
2025/10/04-14:47:23.890655 6c78 DB Session ID:  HHZQO2K650D8M6E2MVAM
2025/10/04-14:47:23.891819 6c78 SST files in ./storage\collections\user_vectors_1024\0\segments\761c9ac0-0911-4f3e-bd57-7d62f24905e4\payload_index dir, Total Num: 0, files: 
2025/10/04-14:47:23.892052 6c78 Write Ahead Log file in ./storage\collections\user_vectors_1024\0\segments\761c9ac0-0911-4f3e-bd57-7d62f24905e4\payload_index: 
2025/10/04-14:47:23.892102 6c78                         Options.error_if_exists: 0
2025/10/04-14:47:23.892125 6c78                       Options.create_if_missing: 1
2025/10/04-14:47:23.893054 6c78                         Options.paranoid_checks: 1
2025/10/04-14:47:23.893064 6c78             Options.flush_verify_memtable_count: 1
2025/10/04-14:47:23.893071 6c78          Options.compaction_verify_record_count: 1
2025/10/04-14:47:23.893076 6c78                               Options.track_and_verify_wals_in_manifest: 0
2025/10/04-14:47:23.893081 6c78        Options.verify_sst_unique_id_in_manifest: 1
2025/10/04-14:47:23.893086 6c78                                     Options.env: 000001F24A636E50
2025/10/04-14:47:23.893091 6c78                                      Options.fs: WinFS
2025/10/04-14:47:23.893100 6c78                                Options.info_log: 000001F24BE8A160
2025/10/04-14:47:23.893109 6c78                Options.max_file_opening_threads: 16
2025/10/04-14:47:23.893114 6c78                              Options.statistics: 0000000000000000
2025/10/04-14:47:23.893119 6c78                               Options.use_fsync: 0
2025/10/04-14:47:23.893123 6c78                       Options.max_log_file_size: 1048576
2025/10/04-14:47:23.893129 6c78                  Options.max_manifest_file_size: 1073741824
2025/10/04-14:47:23.893134 6c78                   Options.log_file_time_to_roll: 0
2025/10/04-14:47:23.893138 6c78                       Options.keep_log_file_num: 1
2025/10/04-14:47:23.893143 6c78                    Options.recycle_log_file_num: 0
2025/10/04-14:47:23.893148 6c78                         Options.allow_fallocate: 1
2025/10/04-14:47:23.893152 6c78                        Options.allow_mmap_reads: 0
2025/10/04-14:47:23.893157 6c78                       Options.allow_mmap_writes: 0
2025/10/04-14:47:23.893162 6c78                        Options.use_direct_reads: 0
2025/10/04-14:47:23.893167 6c78                        Options.use_direct_io_for_flush_and_compaction: 0
2025/10/04-14:47:23.893172 6c78          Options.create_missing_column_families: 1
2025/10/04-14:47:23.893177 6c78                              Options.db_log_dir: 
2025/10/04-14:47:23.893182 6c78                                 Options.wal_dir: 
2025/10/04-14:47:23.893187 6c78                Options.table_cache_numshardbits: 6
2025/10/04-14:47:23.893191 6c78                         Options.WAL_ttl_seconds: 0
2025/10/04-14:47:23.893196 6c78                       Options.WAL_size_limit_MB: 0
2025/10/04-14:47:23.893201 6c78                        Options.max_write_batch_group_size_bytes: 1048576
2025/10/04-14:47:23.893206 6c78             Options.manifest_preallocation_size: 4194304
2025/10/04-14:47:23.893211 6c78                     Options.is_fd_close_on_exec: 1
2025/10/04-14:47:23.893216 6c78                   Options.advise_random_on_open: 1
2025/10/04-14:47:23.893221 6c78                    Options.db_write_buffer_size: 0
2025/10/04-14:47:23.893226 6c78                    Options.write_buffer_manager: 000001F24C36F950
2025/10/04-14:47:23.893231 6c78         Options.access_hint_on_compaction_start: 1
2025/10/04-14:47:23.893236 6c78           Options.random_access_max_buffer_size: 1048576
2025/10/04-14:47:23.893241 6c78                      Options.use_adaptive_mutex: 0
2025/10/04-14:47:23.893246 6c78                            Options.rate_limiter: 0000000000000000
2025/10/04-14:47:23.893251 6c78     Options.sst_file_manager.rate_bytes_per_sec: 0
2025/10/04-14:47:23.893289 6c78                       Options.wal_recovery_mode: 0
2025/10/04-14:47:23.893296 6c78                  Options.enable_thread_tracking: 0
2025/10/04-14:47:23.893301 6c78                  Options.enable_pipelined_write: 0
2025/10/04-14:47:23.893306 6c78                  Options.unordered_write: 0
2025/10/04-14:47:23.893311 6c78         Options.allow_concurrent_memtable_write: 1
2025/10/04-14:47:23.893315 6c78      Options.enable_write_thread_adaptive_yield: 1
2025/10/04-14:47:23.893320 6c78             Options.write_thread_max_yield_usec: 100
2025/10/04-14:47:23.893325 6c78            Options.write_thread_slow_yield_usec: 3
2025/10/04-14:47:23.893330 6c78                               Options.row_cache: None
2025/10/04-14:47:23.893335 6c78                              Options.wal_filter: None
2025/10/04-14:47:23.893340 6c78             Options.avoid_flush_during_recovery: 0
2025/10/04-14:47:23.893345 6c78             Options.allow_ingest_behind: 0
2025/10/04-14:47:23.893350 6c78             Options.two_write_queues: 0
2025/10/04-14:47:23.893355 6c78             Options.manual_wal_flush: 0
2025/10/04-14:47:23.893360 6c78             Options.wal_compression: 0
2025/10/04-14:47:23.893364 6c78             Options.atomic_flush: 0
2025/10/04-14:47:23.893369 6c78             Options.avoid_unnecessary_blocking_io: 0
2025/10/04-14:47:23.893373 6c78                 Options.persist_stats_to_disk: 0
2025/10/04-14:47:23.893378 6c78                 Options.write_dbid_to_manifest: 0
2025/10/04-14:47:23.893383 6c78                 Options.log_readahead_size: 0
2025/10/04-14:47:23.893388 6c78                 Options.file_checksum_gen_factory: Unknown
2025/10/04-14:47:23.893393 6c78                 Options.best_efforts_recovery: 0
2025/10/04-14:47:23.893398 6c78                Options.max_bgerror_resume_count: 2147483647
2025/10/04-14:47:23.893403 6c78            Options.bgerror_resume_retry_interval: 1000000
2025/10/04-14:47:23.893408 6c78             Options.allow_data_in_errors: 0
2025/10/04-14:47:23.893413 6c78             Options.db_host_id: __hostname__
2025/10/04-14:47:23.893418 6c78             Options.enforce_single_del_contracts: true
2025/10/04-14:47:23.893422 6c78             Options.max_background_jobs: 2
2025/10/04-14:47:23.893427 6c78             Options.max_background_compactions: -1
2025/10/04-14:47:23.893432 6c78             Options.max_subcompactions: 1
2025/10/04-14:47:23.893437 6c78             Options.avoid_flush_during_shutdown: 0
2025/10/04-14:47:23.893442 6c78           Options.writable_file_max_buffer_size: 1048576
2025/10/04-14:47:23.893448 6c78             Options.delayed_write_rate : 16777216
2025/10/04-14:47:23.893454 6c78             Options.max_total_wal_size: 0
2025/10/04-14:47:23.893459 6c78             Options.delete_obsolete_files_period_micros: 180000000
2025/10/04-14:47:23.893463 6c78                   Options.stats_dump_period_sec: 600
2025/10/04-14:47:23.893468 6c78                 Options.stats_persist_period_sec: 600
2025/10/04-14:47:23.893473 6c78                 Options.stats_history_buffer_size: 1048576
2025/10/04-14:47:23.893478 6c78                          Options.max_open_files: 256
2025/10/04-14:47:23.893483 6c78                          Options.bytes_per_sync: 0
2025/10/04-14:47:23.893487 6c78                      Options.wal_bytes_per_sync: 0
2025/10/04-14:47:23.893493 6c78                   Options.strict_bytes_per_sync: 0
2025/10/04-14:47:23.893498 6c78       Options.compaction_readahead_size: 2097152
2025/10/04-14:47:23.893502 6c78                  Options.max_background_flushes: -1
2025/10/04-14:47:23.893508 6c78 Options.daily_offpeak_time_utc: 
2025/10/04-14:47:23.893514 6c78 Compression algorithms supported:
2025/10/04-14:47:23.893518 6c78 	kZSTD supported: 0
2025/10/04-14:47:23.893525 6c78 	kSnappyCompression supported: 1
2025/10/04-14:47:23.893530 6c78 	kBZip2Compression supported: 0
2025/10/04-14:47:23.893535 6c78 	kZlibCompression supported: 0
2025/10/04-14:47:23.893539 6c78 	kLZ4Compression supported: 0
2025/10/04-14:47:23.893544 6c78 	kXpressCompression supported: 0
2025/10/04-14:47:23.893576 6c78 	kLZ4HCCompression supported: 0
2025/10/04-14:47:23.893589 6c78 	kZSTDNotFinalCompression supported: 0
2025/10/04-14:47:23.893594 6c78 Fast CRC32 supported: Not supported on x86
2025/10/04-14:47:23.893598 6c78 DMutex implementation: std::mutex
2025/10/04-14:47:23.931643 6c78               Options.comparator: leveldb.BytewiseComparator
2025/10/04-14:47:23.931664 6c78           Options.merge_operator: None
2025/10/04-14:47:23.931672 6c78        Options.compaction_filter: None
2025/10/04-14:47:23.931678 6c78        Options.compaction_filter_factory: None
2025/10/04-14:47:23.931683 6c78  Options.sst_partitioner_factory: None
2025/10/04-14:47:23.931687 6c78         Options.memtable_factory: SkipListFactory
2025/10/04-14:47:23.931692 6c78            Options.table_factory: BlockBasedTable
2025/10/04-14:47:23.931726 6c78            table_factory options:   flush_block_policy_factory: FlushBlockBySizePolicyFactory (000001F24C76A9B0)
  cache_index_and_filter_blocks: 0
  cache_index_and_filter_blocks_with_high_priority: 1
  pin_l0_filter_and_index_blocks_in_cache: 0
  pin_top_level_index_and_filter: 1
  index_type: 0
  data_block_index_type: 0
  index_shortening: 1
  data_block_hash_table_util_ratio: 0.750000
  checksum: 4
  no_block_cache: 0
  block_cache: 000001F24C0BE3F0
  block_cache_name: LRUCache
  block_cache_options:
    capacity : 33554432
    num_shard_bits : 6
    strict_capacity_limit : 0
    memory_allocator : None
    high_pri_pool_ratio: 0.500
    low_pri_pool_ratio: 0.000
  persistent_cache: 0000000000000000
  block_size: 4096
  block_size_deviation: 10
  block_restart_interval: 16
  index_block_restart_interval: 1
  metadata_block_size: 4096
  partition_filters: 0
  use_delta_encoding: 1
  filter_policy: nullptr
  whole_key_filtering: 1
  verify_compression: 0
  read_amp_bytes_per_bit: 0
  format_version: 5
  enable_index_compression: 1
  block_align: 0
  max_auto_readahead_size: 262144
  prepopulate_block_cache: 0
  initial_auto_readahead_size: 8192
  num_file_reads_for_auto_readahead: 2
2025/10/04-14:47:23.931735 6c78        Options.write_buffer_size: 10485760
2025/10/04-14:47:23.931739 6c78  Options.max_write_buffer_number: 2
2025/10/04-14:47:23.931744 6c78          Options.compression: Snappy
2025/10/04-14:47:23.931748 6c78                  Options.bottommost_compression: Disabled
2025/10/04-14:47:23.931752 6c78       Options.prefix_extractor: nullptr
2025/10/04-14:47:23.931756 6c78   Options.memtable_insert_with_hint_prefix_extractor: nullptr
2025/10/04-14:47:23.931760 6c78             Options.num_levels: 7
2025/10/04-14:47:23.931764 6c78        Options.min_write_buffer_number_to_merge: 1
2025/10/04-14:47:23.931769 6c78     Options.max_write_buffer_number_to_maintain: 0
2025/10/04-14:47:23.931773 6c78     Options.max_write_buffer_size_to_maintain: 0
2025/10/04-14:47:23.931777 6c78            Options.bottommost_compression_opts.window_bits: -14
2025/10/04-14:47:23.931782 6c78                  Options.bottommost_compression_opts.level: 32767
2025/10/04-14:47:23.931786 6c78               Options.bottommost_compression_opts.strategy: 0
2025/10/04-14:47:23.931790 6c78         Options.bottommost_compression_opts.max_dict_bytes: 0
2025/10/04-14:47:23.931795 6c78         Options.bottommost_compression_opts.zstd_max_train_bytes: 0
2025/10/04-14:47:23.931800 6c78         Options.bottommost_compression_opts.parallel_threads: 1
2025/10/04-14:47:23.931804 6c78                  Options.bottommost_compression_opts.enabled: false
2025/10/04-14:47:23.931809 6c78         Options.bottommost_compression_opts.max_dict_buffer_bytes: 0
2025/10/04-14:47:23.931813 6c78         Options.bottommost_compression_opts.use_zstd_dict_trainer: true
2025/10/04-14:47:23.931818 6c78            Options.compression_opts.window_bits: -14
2025/10/04-14:47:23.931822 6c78                  Options.compression_opts.level: 32767
2025/10/04-14:47:23.931827 6c78               Options.compression_opts.strategy: 0
2025/10/04-14:47:23.931831 6c78         Options.compression_opts.max_dict_bytes: 0
2025/10/04-14:47:23.931840 6c78         Options.compression_opts.zstd_max_train_bytes: 0
2025/10/04-14:47:23.931846 6c78         Options.compression_opts.use_zstd_dict_trainer: true
2025/10/04-14:47:23.931850 6c78         Options.compression_opts.parallel_threads: 1
2025/10/04-14:47:23.931854 6c78                  Options.compression_opts.enabled: false
2025/10/04-14:47:23.931859 6c78         Options.compression_opts.max_dict_buffer_bytes: 0
2025/10/04-14:47:23.931863 6c78      Options.level0_file_num_compaction_trigger: 4
2025/10/04-14:47:23.931868 6c78          Options.level0_slowdown_writes_trigger: 20
2025/10/04-14:47:23.931872 6c78              Options.level0_stop_writes_trigger: 36
2025/10/04-14:47:23.931876 6c78                   Options.target_file_size_base: 67108864
2025/10/04-14:47:23.931880 6c78             Options.target_file_size_multiplier: 1
2025/10/04-14:47:23.931885 6c78                Options.max_bytes_for_level_base: 268435456
2025/10/04-14:47:23.931899 6c78 Options.level_compaction_dynamic_level_bytes: 1
2025/10/04-14:47:23.931904 6c78          Options.max_bytes_for_level_multiplier: 10.000000
2025/10/04-14:47:23.931909 6c78 Options.max_bytes_for_level_multiplier_addtl[0]: 1
2025/10/04-14:47:23.931913 6c78 Options.max_bytes_for_level_multiplier_addtl[1]: 1
2025/10/04-14:47:23.931917 6c78 Options.max_bytes_for_level_multiplier_addtl[2]: 1
2025/10/04-14:47:23.931922 6c78 Options.max_bytes_for_level_multiplier_addtl[3]: 1
2025/10/04-14:47:23.931926 6c78 Options.max_bytes_for_level_multiplier_addtl[4]: 1
2025/10/04-14:47:23.931931 6c78 Options.max_bytes_for_level_multiplier_addtl[5]: 1
2025/10/04-14:47:23.931935 6c78 Options.max_bytes_for_level_multiplier_addtl[6]: 1
2025/10/04-14:47:23.931939 6c78       Options.max_sequential_skip_in_iterations: 8
2025/10/04-14:47:23.931944 6c78                    Options.max_compaction_bytes: 1677721600
2025/10/04-14:47:23.931948 6c78   Options.ignore_max_compaction_bytes_for_input: true
2025/10/04-14:47:23.931953 6c78                        Options.arena_block_size: 1048576
2025/10/04-14:47:23.931957 6c78   Options.soft_pending_compaction_bytes_limit: 68719476736
2025/10/04-14:47:23.931961 6c78   Options.hard_pending_compaction_bytes_limit: 274877906944
2025/10/04-14:47:23.931966 6c78                Options.disable_auto_compactions: 0
2025/10/04-14:47:23.931971 6c78                        Options.compaction_style: kCompactionStyleLevel
2025/10/04-14:47:23.931976 6c78                          Options.compaction_pri: kMinOverlappingRatio
2025/10/04-14:47:23.931980 6c78 Options.compaction_options_universal.size_ratio: 1
2025/10/04-14:47:23.931985 6c78 Options.compaction_options_universal.min_merge_width: 2
2025/10/04-14:47:23.931989 6c78 Options.compaction_options_universal.max_merge_width: 4294967295
2025/10/04-14:47:23.931995 6c78 Options.compaction_options_universal.max_size_amplification_percent: 200
2025/10/04-14:47:23.932000 6c78 Options.compaction_options_universal.compression_size_percent: -1
2025/10/04-14:47:23.932007 6c78 Options.compaction_options_universal.stop_style: kCompactionStopStyleTotalSize
2025/10/04-14:47:23.932011 6c78 Options.compaction_options_fifo.max_table_files_size: 1073741824
2025/10/04-14:47:23.932015 6c78 Options.compaction_options_fifo.allow_compaction: 0
2025/10/04-14:47:23.932021 6c78                   Options.table_properties_collectors: 
2025/10/04-14:47:23.932025 6c78                   Options.inplace_update_support: 0
2025/10/04-14:47:23.932029 6c78                 Options.inplace_update_num_locks: 10000
2025/10/04-14:47:23.932034 6c78               Options.memtable_prefix_bloom_size_ratio: 0.000000
2025/10/04-14:47:23.932038 6c78               Options.memtable_whole_key_filtering: 0
2025/10/04-14:47:23.932043 6c78   Options.memtable_huge_page_size: 0
2025/10/04-14:47:23.932047 6c78                           Options.bloom_locality: 0
2025/10/04-14:47:23.932051 6c78                    Options.max_successive_merges: 0
2025/10/04-14:47:23.932057 6c78                Options.optimize_filters_for_hits: 0
2025/10/04-14:47:23.932061 6c78                Options.paranoid_file_checks: 0
2025/10/04-14:47:23.932103 6c78                Options.force_consistency_checks: 1
2025/10/04-14:47:23.932110 6c78                Options.report_bg_io_stats: 0
2025/10/04-14:47:23.932114 6c78                               Options.ttl: 2592000
2025/10/04-14:47:23.932119 6c78          Options.periodic_compaction_seconds: 0
2025/10/04-14:47:23.932124 6c78                        Options.default_temperature: kUnknown
2025/10/04-14:47:23.932128 6c78  Options.preclude_last_level_data_seconds: 0
2025/10/04-14:47:23.932133 6c78    Options.preserve_internal_time_seconds: 0
2025/10/04-14:47:23.932137 6c78                       Options.enable_blob_files: false
2025/10/04-14:47:23.932142 6c78                           Options.min_blob_size: 0
2025/10/04-14:47:23.932148 6c78                          Options.blob_file_size: 268435456
2025/10/04-14:47:23.932153 6c78                   Options.blob_compression_type: NoCompression
2025/10/04-14:47:23.932157 6c78          Options.enable_blob_garbage_collection: false
2025/10/04-14:47:23.932164 6c78      Options.blob_garbage_collection_age_cutoff: 0.250000
2025/10/04-14:47:23.932169 6c78 Options.blob_garbage_collection_force_threshold: 1.000000
2025/10/04-14:47:23.932174 6c78          Options.blob_compaction_readahead_size: 0
2025/10/04-14:47:23.932180 6c78                Options.blob_file_starting_level: 0
2025/10/04-14:47:23.932184 6c78         Options.experimental_mempurge_threshold: 0.000000
2025/10/04-14:47:23.932189 6c78            Options.memtable_max_range_deletions: 0
2025/10/04-14:47:23.965575 6c78 DB pointer 000001F24CA62000
