2025/10/04-14:47:23.863805 61bc RocksDB version: 8.10.0
2025/10/04-14:47:23.863876 61bc Compile date 2023-12-15 13:01:14
2025/10/04-14:47:23.863894 61bc DB SUMMARY
2025/10/04-14:47:23.863908 61bc Host name (Env):  LAPTOP-9MCODDG3
2025/10/04-14:47:23.863919 61bc DB Session ID:  HHZQO2K650D8M6E2MVAI
2025/10/04-14:47:23.864197 61bc SST files in ./storage\collections\user_vectors_1024\0\segments\e4e12f32-dc87-4514-82b8-4e9693e3610c\payload_index dir, Total Num: 0, files: 
2025/10/04-14:47:23.864218 61bc Write Ahead Log file in ./storage\collections\user_vectors_1024\0\segments\e4e12f32-dc87-4514-82b8-4e9693e3610c\payload_index: 
2025/10/04-14:47:23.864231 61bc                         Options.error_if_exists: 0
2025/10/04-14:47:23.864244 61bc                       Options.create_if_missing: 1
2025/10/04-14:47:23.864871 61bc                         Options.paranoid_checks: 1
2025/10/04-14:47:23.864882 61bc             Options.flush_verify_memtable_count: 1
2025/10/04-14:47:23.864888 61bc          Options.compaction_verify_record_count: 1
2025/10/04-14:47:23.864893 61bc                               Options.track_and_verify_wals_in_manifest: 0
2025/10/04-14:47:23.864898 61bc        Options.verify_sst_unique_id_in_manifest: 1
2025/10/04-14:47:23.864903 61bc                                     Options.env: 000001F24A636E50
2025/10/04-14:47:23.864909 61bc                                      Options.fs: WinFS
2025/10/04-14:47:23.864914 61bc                                Options.info_log: 000001F24BE8BF60
2025/10/04-14:47:23.864919 61bc                Options.max_file_opening_threads: 16
2025/10/04-14:47:23.864923 61bc                              Options.statistics: 0000000000000000
2025/10/04-14:47:23.864928 61bc                               Options.use_fsync: 0
2025/10/04-14:47:23.864933 61bc                       Options.max_log_file_size: 1048576
2025/10/04-14:47:23.864938 61bc                  Options.max_manifest_file_size: 1073741824
2025/10/04-14:47:23.864943 61bc                   Options.log_file_time_to_roll: 0
2025/10/04-14:47:23.864948 61bc                       Options.keep_log_file_num: 1
2025/10/04-14:47:23.864953 61bc                    Options.recycle_log_file_num: 0
2025/10/04-14:47:23.864958 61bc                         Options.allow_fallocate: 1
2025/10/04-14:47:23.864962 61bc                        Options.allow_mmap_reads: 0
2025/10/04-14:47:23.864967 61bc                       Options.allow_mmap_writes: 0
2025/10/04-14:47:23.864972 61bc                        Options.use_direct_reads: 0
2025/10/04-14:47:23.864977 61bc                        Options.use_direct_io_for_flush_and_compaction: 0
2025/10/04-14:47:23.864982 61bc          Options.create_missing_column_families: 1
2025/10/04-14:47:23.864987 61bc                              Options.db_log_dir: 
2025/10/04-14:47:23.864993 61bc                                 Options.wal_dir: 
2025/10/04-14:47:23.864998 61bc                Options.table_cache_numshardbits: 6
2025/10/04-14:47:23.865003 61bc                         Options.WAL_ttl_seconds: 0
2025/10/04-14:47:23.865007 61bc                       Options.WAL_size_limit_MB: 0
2025/10/04-14:47:23.865013 61bc                        Options.max_write_batch_group_size_bytes: 1048576
2025/10/04-14:47:23.865019 61bc             Options.manifest_preallocation_size: 4194304
2025/10/04-14:47:23.865024 61bc                     Options.is_fd_close_on_exec: 1
2025/10/04-14:47:23.865029 61bc                   Options.advise_random_on_open: 1
2025/10/04-14:47:23.865034 61bc                    Options.db_write_buffer_size: 0
2025/10/04-14:47:23.865039 61bc                    Options.write_buffer_manager: 000001F24C7EDFB0
2025/10/04-14:47:23.865043 61bc         Options.access_hint_on_compaction_start: 1
2025/10/04-14:47:23.865048 61bc           Options.random_access_max_buffer_size: 1048576
2025/10/04-14:47:23.865053 61bc                      Options.use_adaptive_mutex: 0
2025/10/04-14:47:23.865058 61bc                            Options.rate_limiter: 0000000000000000
2025/10/04-14:47:23.865063 61bc     Options.sst_file_manager.rate_bytes_per_sec: 0
2025/10/04-14:47:23.865151 61bc                       Options.wal_recovery_mode: 0
2025/10/04-14:47:23.865165 61bc                  Options.enable_thread_tracking: 0
2025/10/04-14:47:23.865171 61bc                  Options.enable_pipelined_write: 0
2025/10/04-14:47:23.865176 61bc                  Options.unordered_write: 0
2025/10/04-14:47:23.865181 61bc         Options.allow_concurrent_memtable_write: 1
2025/10/04-14:47:23.865186 61bc      Options.enable_write_thread_adaptive_yield: 1
2025/10/04-14:47:23.865190 61bc             Options.write_thread_max_yield_usec: 100
2025/10/04-14:47:23.865195 61bc            Options.write_thread_slow_yield_usec: 3
2025/10/04-14:47:23.865200 61bc                               Options.row_cache: None
2025/10/04-14:47:23.865205 61bc                              Options.wal_filter: None
2025/10/04-14:47:23.865210 61bc             Options.avoid_flush_during_recovery: 0
2025/10/04-14:47:23.865215 61bc             Options.allow_ingest_behind: 0
2025/10/04-14:47:23.865220 61bc             Options.two_write_queues: 0
2025/10/04-14:47:23.865224 61bc             Options.manual_wal_flush: 0
2025/10/04-14:47:23.865229 61bc             Options.wal_compression: 0
2025/10/04-14:47:23.865234 61bc             Options.atomic_flush: 0
2025/10/04-14:47:23.865238 61bc             Options.avoid_unnecessary_blocking_io: 0
2025/10/04-14:47:23.865243 61bc                 Options.persist_stats_to_disk: 0
2025/10/04-14:47:23.865248 61bc                 Options.write_dbid_to_manifest: 0
2025/10/04-14:47:23.865252 61bc                 Options.log_readahead_size: 0
2025/10/04-14:47:23.865257 61bc                 Options.file_checksum_gen_factory: Unknown
2025/10/04-14:47:23.865262 61bc                 Options.best_efforts_recovery: 0
2025/10/04-14:47:23.865267 61bc                Options.max_bgerror_resume_count: 2147483647
2025/10/04-14:47:23.865271 61bc            Options.bgerror_resume_retry_interval: 1000000
2025/10/04-14:47:23.865276 61bc             Options.allow_data_in_errors: 0
2025/10/04-14:47:23.865281 61bc             Options.db_host_id: __hostname__
2025/10/04-14:47:23.865286 61bc             Options.enforce_single_del_contracts: true
2025/10/04-14:47:23.865291 61bc             Options.max_background_jobs: 2
2025/10/04-14:47:23.865296 61bc             Options.max_background_compactions: -1
2025/10/04-14:47:23.865300 61bc             Options.max_subcompactions: 1
2025/10/04-14:47:23.865305 61bc             Options.avoid_flush_during_shutdown: 0
2025/10/04-14:47:23.865310 61bc           Options.writable_file_max_buffer_size: 1048576
2025/10/04-14:47:23.865314 61bc             Options.delayed_write_rate : 16777216
2025/10/04-14:47:23.865319 61bc             Options.max_total_wal_size: 0
2025/10/04-14:47:23.865324 61bc             Options.delete_obsolete_files_period_micros: 180000000
2025/10/04-14:47:23.865329 61bc                   Options.stats_dump_period_sec: 600
2025/10/04-14:47:23.865333 61bc                 Options.stats_persist_period_sec: 600
2025/10/04-14:47:23.865338 61bc                 Options.stats_history_buffer_size: 1048576
2025/10/04-14:47:23.865343 61bc                          Options.max_open_files: 256
2025/10/04-14:47:23.865348 61bc                          Options.bytes_per_sync: 0
2025/10/04-14:47:23.865353 61bc                      Options.wal_bytes_per_sync: 0
2025/10/04-14:47:23.865359 61bc                   Options.strict_bytes_per_sync: 0
2025/10/04-14:47:23.865364 61bc       Options.compaction_readahead_size: 2097152
2025/10/04-14:47:23.865368 61bc                  Options.max_background_flushes: -1
2025/10/04-14:47:23.865373 61bc Options.daily_offpeak_time_utc: 
2025/10/04-14:47:23.865378 61bc Compression algorithms supported:
2025/10/04-14:47:23.865383 61bc 	kZSTD supported: 0
2025/10/04-14:47:23.865388 61bc 	kSnappyCompression supported: 1
2025/10/04-14:47:23.865393 61bc 	kBZip2Compression supported: 0
2025/10/04-14:47:23.865398 61bc 	kZlibCompression supported: 0
2025/10/04-14:47:23.865402 61bc 	kLZ4Compression supported: 0
2025/10/04-14:47:23.865407 61bc 	kXpressCompression supported: 0
2025/10/04-14:47:23.865442 61bc 	kLZ4HCCompression supported: 0
2025/10/04-14:47:23.865449 61bc 	kZSTDNotFinalCompression supported: 0
2025/10/04-14:47:23.865454 61bc Fast CRC32 supported: Not supported on x86
2025/10/04-14:47:23.865459 61bc DMutex implementation: std::mutex
2025/10/04-14:47:23.886034 61bc               Options.comparator: leveldb.BytewiseComparator
2025/10/04-14:47:23.886047 61bc           Options.merge_operator: None
2025/10/04-14:47:23.886053 61bc        Options.compaction_filter: None
2025/10/04-14:47:23.886059 61bc        Options.compaction_filter_factory: None
2025/10/04-14:47:23.886064 61bc  Options.sst_partitioner_factory: None
2025/10/04-14:47:23.886069 61bc         Options.memtable_factory: SkipListFactory
2025/10/04-14:47:23.886074 61bc            Options.table_factory: BlockBasedTable
2025/10/04-14:47:23.886105 61bc            table_factory options:   flush_block_policy_factory: FlushBlockBySizePolicyFactory (000001F24C799240)
  cache_index_and_filter_blocks: 0
  cache_index_and_filter_blocks_with_high_priority: 1
  pin_l0_filter_and_index_blocks_in_cache: 0
  pin_top_level_index_and_filter: 1
  index_type: 0
  data_block_index_type: 0
  index_shortening: 1
  data_block_hash_table_util_ratio: 0.750000
  checksum: 4
  no_block_cache: 0
  block_cache: 000001F24C7EE380
  block_cache_name: LRUCache
  block_cache_options:
    capacity : 33554432
    num_shard_bits : 6
    strict_capacity_limit : 0
    memory_allocator : None
    high_pri_pool_ratio: 0.500
    low_pri_pool_ratio: 0.000
  persistent_cache: 0000000000000000
  block_size: 4096
  block_size_deviation: 10
  block_restart_interval: 16
  index_block_restart_interval: 1
  metadata_block_size: 4096
  partition_filters: 0
  use_delta_encoding: 1
  filter_policy: nullptr
  whole_key_filtering: 1
  verify_compression: 0
  read_amp_bytes_per_bit: 0
  format_version: 5
  enable_index_compression: 1
  block_align: 0
  max_auto_readahead_size: 262144
  prepopulate_block_cache: 0
  initial_auto_readahead_size: 8192
  num_file_reads_for_auto_readahead: 2
2025/10/04-14:47:23.886109 61bc        Options.write_buffer_size: 10485760
2025/10/04-14:47:23.886113 61bc  Options.max_write_buffer_number: 2
2025/10/04-14:47:23.886116 61bc          Options.compression: Snappy
2025/10/04-14:47:23.886120 61bc                  Options.bottommost_compression: Disabled
2025/10/04-14:47:23.886123 61bc       Options.prefix_extractor: nullptr
2025/10/04-14:47:23.886127 61bc   Options.memtable_insert_with_hint_prefix_extractor: nullptr
2025/10/04-14:47:23.886132 61bc             Options.num_levels: 7
2025/10/04-14:47:23.886137 61bc        Options.min_write_buffer_number_to_merge: 1
2025/10/04-14:47:23.886144 61bc     Options.max_write_buffer_number_to_maintain: 0
2025/10/04-14:47:23.886149 61bc     Options.max_write_buffer_size_to_maintain: 0
2025/10/04-14:47:23.886157 61bc            Options.bottommost_compression_opts.window_bits: -14
2025/10/04-14:47:23.886165 61bc                  Options.bottommost_compression_opts.level: 32767
2025/10/04-14:47:23.886172 61bc               Options.bottommost_compression_opts.strategy: 0
2025/10/04-14:47:23.886178 61bc         Options.bottommost_compression_opts.max_dict_bytes: 0
2025/10/04-14:47:23.886183 61bc         Options.bottommost_compression_opts.zstd_max_train_bytes: 0
2025/10/04-14:47:23.886190 61bc         Options.bottommost_compression_opts.parallel_threads: 1
2025/10/04-14:47:23.886196 61bc                  Options.bottommost_compression_opts.enabled: false
2025/10/04-14:47:23.886202 61bc         Options.bottommost_compression_opts.max_dict_buffer_bytes: 0
2025/10/04-14:47:23.886208 61bc         Options.bottommost_compression_opts.use_zstd_dict_trainer: true
2025/10/04-14:47:23.886213 61bc            Options.compression_opts.window_bits: -14
2025/10/04-14:47:23.886224 61bc                  Options.compression_opts.level: 32767
2025/10/04-14:47:23.886235 61bc               Options.compression_opts.strategy: 0
2025/10/04-14:47:23.886246 61bc         Options.compression_opts.max_dict_bytes: 0
2025/10/04-14:47:23.886258 61bc         Options.compression_opts.zstd_max_train_bytes: 0
2025/10/04-14:47:23.886268 61bc         Options.compression_opts.use_zstd_dict_trainer: true
2025/10/04-14:47:23.886275 61bc         Options.compression_opts.parallel_threads: 1
2025/10/04-14:47:23.886280 61bc                  Options.compression_opts.enabled: false
2025/10/04-14:47:23.886287 61bc         Options.compression_opts.max_dict_buffer_bytes: 0
2025/10/04-14:47:23.886292 61bc      Options.level0_file_num_compaction_trigger: 4
2025/10/04-14:47:23.886299 61bc          Options.level0_slowdown_writes_trigger: 20
2025/10/04-14:47:23.886304 61bc              Options.level0_stop_writes_trigger: 36
2025/10/04-14:47:23.886309 61bc                   Options.target_file_size_base: 67108864
2025/10/04-14:47:23.886313 61bc             Options.target_file_size_multiplier: 1
2025/10/04-14:47:23.886320 61bc                Options.max_bytes_for_level_base: 268435456
2025/10/04-14:47:23.886327 61bc Options.level_compaction_dynamic_level_bytes: 1
2025/10/04-14:47:23.886333 61bc          Options.max_bytes_for_level_multiplier: 10.000000
2025/10/04-14:47:23.886341 61bc Options.max_bytes_for_level_multiplier_addtl[0]: 1
2025/10/04-14:47:23.886346 61bc Options.max_bytes_for_level_multiplier_addtl[1]: 1
2025/10/04-14:47:23.886351 61bc Options.max_bytes_for_level_multiplier_addtl[2]: 1
2025/10/04-14:47:23.886363 61bc Options.max_bytes_for_level_multiplier_addtl[3]: 1
2025/10/04-14:47:23.886368 61bc Options.max_bytes_for_level_multiplier_addtl[4]: 1
2025/10/04-14:47:23.886373 61bc Options.max_bytes_for_level_multiplier_addtl[5]: 1
2025/10/04-14:47:23.886378 61bc Options.max_bytes_for_level_multiplier_addtl[6]: 1
2025/10/04-14:47:23.886383 61bc       Options.max_sequential_skip_in_iterations: 8
2025/10/04-14:47:23.886388 61bc                    Options.max_compaction_bytes: 1677721600
2025/10/04-14:47:23.886393 61bc   Options.ignore_max_compaction_bytes_for_input: true
2025/10/04-14:47:23.886398 61bc                        Options.arena_block_size: 1048576
2025/10/04-14:47:23.886402 61bc   Options.soft_pending_compaction_bytes_limit: 68719476736
2025/10/04-14:47:23.886407 61bc   Options.hard_pending_compaction_bytes_limit: 274877906944
2025/10/04-14:47:23.886413 61bc                Options.disable_auto_compactions: 0
2025/10/04-14:47:23.886419 61bc                        Options.compaction_style: kCompactionStyleLevel
2025/10/04-14:47:23.886424 61bc                          Options.compaction_pri: kMinOverlappingRatio
2025/10/04-14:47:23.886430 61bc Options.compaction_options_universal.size_ratio: 1
2025/10/04-14:47:23.886435 61bc Options.compaction_options_universal.min_merge_width: 2
2025/10/04-14:47:23.886440 61bc Options.compaction_options_universal.max_merge_width: 4294967295
2025/10/04-14:47:23.886444 61bc Options.compaction_options_universal.max_size_amplification_percent: 200
2025/10/04-14:47:23.886449 61bc Options.compaction_options_universal.compression_size_percent: -1
2025/10/04-14:47:23.886455 61bc Options.compaction_options_universal.stop_style: kCompactionStopStyleTotalSize
2025/10/04-14:47:23.886460 61bc Options.compaction_options_fifo.max_table_files_size: 1073741824
2025/10/04-14:47:23.886464 61bc Options.compaction_options_fifo.allow_compaction: 0
2025/10/04-14:47:23.886480 61bc                   Options.table_properties_collectors: 
2025/10/04-14:47:23.886484 61bc                   Options.inplace_update_support: 0
2025/10/04-14:47:23.886487 61bc                 Options.inplace_update_num_locks: 10000
2025/10/04-14:47:23.886491 61bc               Options.memtable_prefix_bloom_size_ratio: 0.000000
2025/10/04-14:47:23.886495 61bc               Options.memtable_whole_key_filtering: 0
2025/10/04-14:47:23.886498 61bc   Options.memtable_huge_page_size: 0
2025/10/04-14:47:23.886501 61bc                           Options.bloom_locality: 0
2025/10/04-14:47:23.886505 61bc                    Options.max_successive_merges: 0
2025/10/04-14:47:23.886508 61bc                Options.optimize_filters_for_hits: 0
2025/10/04-14:47:23.886511 61bc                Options.paranoid_file_checks: 0
2025/10/04-14:47:23.886549 61bc                Options.force_consistency_checks: 1
2025/10/04-14:47:23.886555 61bc                Options.report_bg_io_stats: 0
2025/10/04-14:47:23.886559 61bc                               Options.ttl: 2592000
2025/10/04-14:47:23.886562 61bc          Options.periodic_compaction_seconds: 0
2025/10/04-14:47:23.886567 61bc                        Options.default_temperature: kUnknown
2025/10/04-14:47:23.886572 61bc  Options.preclude_last_level_data_seconds: 0
2025/10/04-14:47:23.886577 61bc    Options.preserve_internal_time_seconds: 0
2025/10/04-14:47:23.886581 61bc                       Options.enable_blob_files: false
2025/10/04-14:47:23.886587 61bc                           Options.min_blob_size: 0
2025/10/04-14:47:23.886591 61bc                          Options.blob_file_size: 268435456
2025/10/04-14:47:23.886594 61bc                   Options.blob_compression_type: NoCompression
2025/10/04-14:47:23.886598 61bc          Options.enable_blob_garbage_collection: false
2025/10/04-14:47:23.886601 61bc      Options.blob_garbage_collection_age_cutoff: 0.250000
2025/10/04-14:47:23.886606 61bc Options.blob_garbage_collection_force_threshold: 1.000000
2025/10/04-14:47:23.886611 61bc          Options.blob_compaction_readahead_size: 0
2025/10/04-14:47:23.886616 61bc                Options.blob_file_starting_level: 0
2025/10/04-14:47:23.886620 61bc         Options.experimental_mempurge_threshold: 0.000000
2025/10/04-14:47:23.886625 61bc            Options.memtable_max_range_deletions: 0
2025/10/04-14:47:23.941361 61bc DB pointer 000001F24C832E00
