2025/10/04-14:47:23.894137 63b0 RocksDB version: 8.10.0
2025/10/04-14:47:23.894203 63b0 Compile date 2023-12-15 13:01:14
2025/10/04-14:47:23.894222 63b0 DB SUMMARY
2025/10/04-14:47:23.894235 63b0 Host name (Env):  LAPTOP-9MCODDG3
2025/10/04-14:47:23.894246 63b0 DB Session ID:  HHZQO2K650D8M6E2MVAK
2025/10/04-14:47:23.894911 63b0 SST files in ./storage\collections\user_vectors_1024\0\segments\a671fff9-9b02-4c8d-ae67-8e412dbb5d04\payload_index dir, Total Num: 0, files: 
2025/10/04-14:47:23.894932 63b0 Write Ahead Log file in ./storage\collections\user_vectors_1024\0\segments\a671fff9-9b02-4c8d-ae67-8e412dbb5d04\payload_index: 
2025/10/04-14:47:23.894946 63b0                         Options.error_if_exists: 0
2025/10/04-14:47:23.894958 63b0                       Options.create_if_missing: 1
2025/10/04-14:47:23.895879 63b0                         Options.paranoid_checks: 1
2025/10/04-14:47:23.895900 63b0             Options.flush_verify_memtable_count: 1
2025/10/04-14:47:23.895910 63b0          Options.compaction_verify_record_count: 1
2025/10/04-14:47:23.895919 63b0                               Options.track_and_verify_wals_in_manifest: 0
2025/10/04-14:47:23.895928 63b0        Options.verify_sst_unique_id_in_manifest: 1
2025/10/04-14:47:23.895938 63b0                                     Options.env: 000001F24A636E50
2025/10/04-14:47:23.895947 63b0                                      Options.fs: WinFS
2025/10/04-14:47:23.895956 63b0                                Options.info_log: 000001F24BE91E60
2025/10/04-14:47:23.895964 63b0                Options.max_file_opening_threads: 16
2025/10/04-14:47:23.895972 63b0                              Options.statistics: 0000000000000000
2025/10/04-14:47:23.895980 63b0                               Options.use_fsync: 0
2025/10/04-14:47:23.895988 63b0                       Options.max_log_file_size: 1048576
2025/10/04-14:47:23.895997 63b0                  Options.max_manifest_file_size: 1073741824
2025/10/04-14:47:23.896006 63b0                   Options.log_file_time_to_roll: 0
2025/10/04-14:47:23.896015 63b0                       Options.keep_log_file_num: 1
2025/10/04-14:47:23.896024 63b0                    Options.recycle_log_file_num: 0
2025/10/04-14:47:23.896033 63b0                         Options.allow_fallocate: 1
2025/10/04-14:47:23.896042 63b0                        Options.allow_mmap_reads: 0
2025/10/04-14:47:23.896051 63b0                       Options.allow_mmap_writes: 0
2025/10/04-14:47:23.896059 63b0                        Options.use_direct_reads: 0
2025/10/04-14:47:23.896067 63b0                        Options.use_direct_io_for_flush_and_compaction: 0
2025/10/04-14:47:23.896076 63b0          Options.create_missing_column_families: 1
2025/10/04-14:47:23.896084 63b0                              Options.db_log_dir: 
2025/10/04-14:47:23.896093 63b0                                 Options.wal_dir: 
2025/10/04-14:47:23.896102 63b0                Options.table_cache_numshardbits: 6
2025/10/04-14:47:23.896111 63b0                         Options.WAL_ttl_seconds: 0
2025/10/04-14:47:23.896119 63b0                       Options.WAL_size_limit_MB: 0
2025/10/04-14:47:23.896128 63b0                        Options.max_write_batch_group_size_bytes: 1048576
2025/10/04-14:47:23.896137 63b0             Options.manifest_preallocation_size: 4194304
2025/10/04-14:47:23.896145 63b0                     Options.is_fd_close_on_exec: 1
2025/10/04-14:47:23.896153 63b0                   Options.advise_random_on_open: 1
2025/10/04-14:47:23.896161 63b0                    Options.db_write_buffer_size: 0
2025/10/04-14:47:23.896171 63b0                    Options.write_buffer_manager: 000001F24C893880
2025/10/04-14:47:23.896180 63b0         Options.access_hint_on_compaction_start: 1
2025/10/04-14:47:23.896188 63b0           Options.random_access_max_buffer_size: 1048576
2025/10/04-14:47:23.896197 63b0                      Options.use_adaptive_mutex: 0
2025/10/04-14:47:23.896206 63b0                            Options.rate_limiter: 0000000000000000
2025/10/04-14:47:23.896214 63b0     Options.sst_file_manager.rate_bytes_per_sec: 0
2025/10/04-14:47:23.896283 63b0                       Options.wal_recovery_mode: 0
2025/10/04-14:47:23.896296 63b0                  Options.enable_thread_tracking: 0
2025/10/04-14:47:23.896305 63b0                  Options.enable_pipelined_write: 0
2025/10/04-14:47:23.896313 63b0                  Options.unordered_write: 0
2025/10/04-14:47:23.896321 63b0         Options.allow_concurrent_memtable_write: 1
2025/10/04-14:47:23.896331 63b0      Options.enable_write_thread_adaptive_yield: 1
2025/10/04-14:47:23.896339 63b0             Options.write_thread_max_yield_usec: 100
2025/10/04-14:47:23.896350 63b0            Options.write_thread_slow_yield_usec: 3
2025/10/04-14:47:23.896359 63b0                               Options.row_cache: None
2025/10/04-14:47:23.896368 63b0                              Options.wal_filter: None
2025/10/04-14:47:23.896377 63b0             Options.avoid_flush_during_recovery: 0
2025/10/04-14:47:23.896387 63b0             Options.allow_ingest_behind: 0
2025/10/04-14:47:23.896397 63b0             Options.two_write_queues: 0
2025/10/04-14:47:23.896406 63b0             Options.manual_wal_flush: 0
2025/10/04-14:47:23.896413 63b0             Options.wal_compression: 0
2025/10/04-14:47:23.896418 63b0             Options.atomic_flush: 0
2025/10/04-14:47:23.896424 63b0             Options.avoid_unnecessary_blocking_io: 0
2025/10/04-14:47:23.896430 63b0                 Options.persist_stats_to_disk: 0
2025/10/04-14:47:23.896438 63b0                 Options.write_dbid_to_manifest: 0
2025/10/04-14:47:23.896449 63b0                 Options.log_readahead_size: 0
2025/10/04-14:47:23.896459 63b0                 Options.file_checksum_gen_factory: Unknown
2025/10/04-14:47:23.896474 63b0                 Options.best_efforts_recovery: 0
2025/10/04-14:47:23.896489 63b0                Options.max_bgerror_resume_count: 2147483647
2025/10/04-14:47:23.896498 63b0            Options.bgerror_resume_retry_interval: 1000000
2025/10/04-14:47:23.896507 63b0             Options.allow_data_in_errors: 0
2025/10/04-14:47:23.896514 63b0             Options.db_host_id: __hostname__
2025/10/04-14:47:23.896523 63b0             Options.enforce_single_del_contracts: true
2025/10/04-14:47:23.896532 63b0             Options.max_background_jobs: 2
2025/10/04-14:47:23.896541 63b0             Options.max_background_compactions: -1
2025/10/04-14:47:23.896548 63b0             Options.max_subcompactions: 1
2025/10/04-14:47:23.896556 63b0             Options.avoid_flush_during_shutdown: 0
2025/10/04-14:47:23.896563 63b0           Options.writable_file_max_buffer_size: 1048576
2025/10/04-14:47:23.896572 63b0             Options.delayed_write_rate : 16777216
2025/10/04-14:47:23.896580 63b0             Options.max_total_wal_size: 0
2025/10/04-14:47:23.896590 63b0             Options.delete_obsolete_files_period_micros: 180000000
2025/10/04-14:47:23.896598 63b0                   Options.stats_dump_period_sec: 600
2025/10/04-14:47:23.896607 63b0                 Options.stats_persist_period_sec: 600
2025/10/04-14:47:23.896618 63b0                 Options.stats_history_buffer_size: 1048576
2025/10/04-14:47:23.896627 63b0                          Options.max_open_files: 256
2025/10/04-14:47:23.896643 63b0                          Options.bytes_per_sync: 0
2025/10/04-14:47:23.896659 63b0                      Options.wal_bytes_per_sync: 0
2025/10/04-14:47:23.896670 63b0                   Options.strict_bytes_per_sync: 0
2025/10/04-14:47:23.896679 63b0       Options.compaction_readahead_size: 2097152
2025/10/04-14:47:23.896687 63b0                  Options.max_background_flushes: -1
2025/10/04-14:47:23.896696 63b0 Options.daily_offpeak_time_utc: 
2025/10/04-14:47:23.896705 63b0 Compression algorithms supported:
2025/10/04-14:47:23.896715 63b0 	kZSTD supported: 0
2025/10/04-14:47:23.896726 63b0 	kSnappyCompression supported: 1
2025/10/04-14:47:23.896735 63b0 	kBZip2Compression supported: 0
2025/10/04-14:47:23.896745 63b0 	kZlibCompression supported: 0
2025/10/04-14:47:23.896753 63b0 	kLZ4Compression supported: 0
2025/10/04-14:47:23.896761 63b0 	kXpressCompression supported: 0
2025/10/04-14:47:23.897052 63b0 	kLZ4HCCompression supported: 0
2025/10/04-14:47:23.897068 63b0 	kZSTDNotFinalCompression supported: 0
2025/10/04-14:47:23.897075 63b0 Fast CRC32 supported: Not supported on x86
2025/10/04-14:47:23.897081 63b0 DMutex implementation: std::mutex
2025/10/04-14:47:23.928862 63b0               Options.comparator: leveldb.BytewiseComparator
2025/10/04-14:47:23.928878 63b0           Options.merge_operator: None
2025/10/04-14:47:23.928884 63b0        Options.compaction_filter: None
2025/10/04-14:47:23.928889 63b0        Options.compaction_filter_factory: None
2025/10/04-14:47:23.928895 63b0  Options.sst_partitioner_factory: None
2025/10/04-14:47:23.928901 63b0         Options.memtable_factory: SkipListFactory
2025/10/04-14:47:23.928908 63b0            Options.table_factory: BlockBasedTable
2025/10/04-14:47:23.928947 63b0            table_factory options:   flush_block_policy_factory: FlushBlockBySizePolicyFactory (000001F24C7DE810)
  cache_index_and_filter_blocks: 0
  cache_index_and_filter_blocks_with_high_priority: 1
  pin_l0_filter_and_index_blocks_in_cache: 0
  pin_top_level_index_and_filter: 1
  index_type: 0
  data_block_index_type: 0
  index_shortening: 1
  data_block_hash_table_util_ratio: 0.750000
  checksum: 4
  no_block_cache: 0
  block_cache: 000001F24C36F780
  block_cache_name: LRUCache
  block_cache_options:
    capacity : 33554432
    num_shard_bits : 6
    strict_capacity_limit : 0
    memory_allocator : None
    high_pri_pool_ratio: 0.500
    low_pri_pool_ratio: 0.000
  persistent_cache: 0000000000000000
  block_size: 4096
  block_size_deviation: 10
  block_restart_interval: 16
  index_block_restart_interval: 1
  metadata_block_size: 4096
  partition_filters: 0
  use_delta_encoding: 1
  filter_policy: nullptr
  whole_key_filtering: 1
  verify_compression: 0
  read_amp_bytes_per_bit: 0
  format_version: 5
  enable_index_compression: 1
  block_align: 0
  max_auto_readahead_size: 262144
  prepopulate_block_cache: 0
  initial_auto_readahead_size: 8192
  num_file_reads_for_auto_readahead: 2
2025/10/04-14:47:23.928954 63b0        Options.write_buffer_size: 10485760
2025/10/04-14:47:23.928959 63b0  Options.max_write_buffer_number: 2
2025/10/04-14:47:23.928965 63b0          Options.compression: Snappy
2025/10/04-14:47:23.928970 63b0                  Options.bottommost_compression: Disabled
2025/10/04-14:47:23.928975 63b0       Options.prefix_extractor: nullptr
2025/10/04-14:47:23.928980 63b0   Options.memtable_insert_with_hint_prefix_extractor: nullptr
2025/10/04-14:47:23.928985 63b0             Options.num_levels: 7
2025/10/04-14:47:23.928990 63b0        Options.min_write_buffer_number_to_merge: 1
2025/10/04-14:47:23.928995 63b0     Options.max_write_buffer_number_to_maintain: 0
2025/10/04-14:47:23.929000 63b0     Options.max_write_buffer_size_to_maintain: 0
2025/10/04-14:47:23.929005 63b0            Options.bottommost_compression_opts.window_bits: -14
2025/10/04-14:47:23.929011 63b0                  Options.bottommost_compression_opts.level: 32767
2025/10/04-14:47:23.929016 63b0               Options.bottommost_compression_opts.strategy: 0
2025/10/04-14:47:23.929021 63b0         Options.bottommost_compression_opts.max_dict_bytes: 0
2025/10/04-14:47:23.929027 63b0         Options.bottommost_compression_opts.zstd_max_train_bytes: 0
2025/10/04-14:47:23.929032 63b0         Options.bottommost_compression_opts.parallel_threads: 1
2025/10/04-14:47:23.929038 63b0                  Options.bottommost_compression_opts.enabled: false
2025/10/04-14:47:23.929043 63b0         Options.bottommost_compression_opts.max_dict_buffer_bytes: 0
2025/10/04-14:47:23.929049 63b0         Options.bottommost_compression_opts.use_zstd_dict_trainer: true
2025/10/04-14:47:23.929054 63b0            Options.compression_opts.window_bits: -14
2025/10/04-14:47:23.929059 63b0                  Options.compression_opts.level: 32767
2025/10/04-14:47:23.929064 63b0               Options.compression_opts.strategy: 0
2025/10/04-14:47:23.929070 63b0         Options.compression_opts.max_dict_bytes: 0
2025/10/04-14:47:23.929079 63b0         Options.compression_opts.zstd_max_train_bytes: 0
2025/10/04-14:47:23.929086 63b0         Options.compression_opts.use_zstd_dict_trainer: true
2025/10/04-14:47:23.929091 63b0         Options.compression_opts.parallel_threads: 1
2025/10/04-14:47:23.929096 63b0                  Options.compression_opts.enabled: false
2025/10/04-14:47:23.929101 63b0         Options.compression_opts.max_dict_buffer_bytes: 0
2025/10/04-14:47:23.929106 63b0      Options.level0_file_num_compaction_trigger: 4
2025/10/04-14:47:23.929111 63b0          Options.level0_slowdown_writes_trigger: 20
2025/10/04-14:47:23.929118 63b0              Options.level0_stop_writes_trigger: 36
2025/10/04-14:47:23.929123 63b0                   Options.target_file_size_base: 67108864
2025/10/04-14:47:23.929128 63b0             Options.target_file_size_multiplier: 1
2025/10/04-14:47:23.929133 63b0                Options.max_bytes_for_level_base: 268435456
2025/10/04-14:47:23.929138 63b0 Options.level_compaction_dynamic_level_bytes: 1
2025/10/04-14:47:23.929143 63b0          Options.max_bytes_for_level_multiplier: 10.000000
2025/10/04-14:47:23.929150 63b0 Options.max_bytes_for_level_multiplier_addtl[0]: 1
2025/10/04-14:47:23.929155 63b0 Options.max_bytes_for_level_multiplier_addtl[1]: 1
2025/10/04-14:47:23.929160 63b0 Options.max_bytes_for_level_multiplier_addtl[2]: 1
2025/10/04-14:47:23.929165 63b0 Options.max_bytes_for_level_multiplier_addtl[3]: 1
2025/10/04-14:47:23.929171 63b0 Options.max_bytes_for_level_multiplier_addtl[4]: 1
2025/10/04-14:47:23.929176 63b0 Options.max_bytes_for_level_multiplier_addtl[5]: 1
2025/10/04-14:47:23.929181 63b0 Options.max_bytes_for_level_multiplier_addtl[6]: 1
2025/10/04-14:47:23.929186 63b0       Options.max_sequential_skip_in_iterations: 8
2025/10/04-14:47:23.929191 63b0                    Options.max_compaction_bytes: 1677721600
2025/10/04-14:47:23.929196 63b0   Options.ignore_max_compaction_bytes_for_input: true
2025/10/04-14:47:23.929201 63b0                        Options.arena_block_size: 1048576
2025/10/04-14:47:23.929206 63b0   Options.soft_pending_compaction_bytes_limit: 68719476736
2025/10/04-14:47:23.929211 63b0   Options.hard_pending_compaction_bytes_limit: 274877906944
2025/10/04-14:47:23.929216 63b0                Options.disable_auto_compactions: 0
2025/10/04-14:47:23.929222 63b0                        Options.compaction_style: kCompactionStyleLevel
2025/10/04-14:47:23.929227 63b0                          Options.compaction_pri: kMinOverlappingRatio
2025/10/04-14:47:23.929232 63b0 Options.compaction_options_universal.size_ratio: 1
2025/10/04-14:47:23.929237 63b0 Options.compaction_options_universal.min_merge_width: 2
2025/10/04-14:47:23.929242 63b0 Options.compaction_options_universal.max_merge_width: 4294967295
2025/10/04-14:47:23.929247 63b0 Options.compaction_options_universal.max_size_amplification_percent: 200
2025/10/04-14:47:23.929252 63b0 Options.compaction_options_universal.compression_size_percent: -1
2025/10/04-14:47:23.929257 63b0 Options.compaction_options_universal.stop_style: kCompactionStopStyleTotalSize
2025/10/04-14:47:23.929262 63b0 Options.compaction_options_fifo.max_table_files_size: 1073741824
2025/10/04-14:47:23.929268 63b0 Options.compaction_options_fifo.allow_compaction: 0
2025/10/04-14:47:23.929276 63b0                   Options.table_properties_collectors: 
2025/10/04-14:47:23.929281 63b0                   Options.inplace_update_support: 0
2025/10/04-14:47:23.929286 63b0                 Options.inplace_update_num_locks: 10000
2025/10/04-14:47:23.929292 63b0               Options.memtable_prefix_bloom_size_ratio: 0.000000
2025/10/04-14:47:23.929298 63b0               Options.memtable_whole_key_filtering: 0
2025/10/04-14:47:23.929304 63b0   Options.memtable_huge_page_size: 0
2025/10/04-14:47:23.929309 63b0                           Options.bloom_locality: 0
2025/10/04-14:47:23.929313 63b0                    Options.max_successive_merges: 0
2025/10/04-14:47:23.929318 63b0                Options.optimize_filters_for_hits: 0
2025/10/04-14:47:23.929323 63b0                Options.paranoid_file_checks: 0
2025/10/04-14:47:23.929368 63b0                Options.force_consistency_checks: 1
2025/10/04-14:47:23.929376 63b0                Options.report_bg_io_stats: 0
2025/10/04-14:47:23.929381 63b0                               Options.ttl: 2592000
2025/10/04-14:47:23.929386 63b0          Options.periodic_compaction_seconds: 0
2025/10/04-14:47:23.929391 63b0                        Options.default_temperature: kUnknown
2025/10/04-14:47:23.929396 63b0  Options.preclude_last_level_data_seconds: 0
2025/10/04-14:47:23.929401 63b0    Options.preserve_internal_time_seconds: 0
2025/10/04-14:47:23.929405 63b0                       Options.enable_blob_files: false
2025/10/04-14:47:23.929410 63b0                           Options.min_blob_size: 0
2025/10/04-14:47:23.929415 63b0                          Options.blob_file_size: 268435456
2025/10/04-14:47:23.929420 63b0                   Options.blob_compression_type: NoCompression
2025/10/04-14:47:23.929425 63b0          Options.enable_blob_garbage_collection: false
2025/10/04-14:47:23.929431 63b0      Options.blob_garbage_collection_age_cutoff: 0.250000
2025/10/04-14:47:23.929438 63b0 Options.blob_garbage_collection_force_threshold: 1.000000
2025/10/04-14:47:23.929443 63b0          Options.blob_compaction_readahead_size: 0
2025/10/04-14:47:23.929448 63b0                Options.blob_file_starting_level: 0
2025/10/04-14:47:23.929453 63b0         Options.experimental_mempurge_threshold: 0.000000
2025/10/04-14:47:23.929458 63b0            Options.memtable_max_range_deletions: 0
2025/10/04-14:47:23.969302 63b0 DB pointer 000001F24C6F1140
