2025/10/04-14:47:23.876158 497c RocksDB version: 8.10.0
2025/10/04-14:47:23.876220 497c Compile date 2023-12-15 13:01:14
2025/10/04-14:47:23.876239 497c DB SUMMARY
2025/10/04-14:47:23.876253 497c Host name (Env):  LAPTOP-9MCODDG3
2025/10/04-14:47:23.876264 497c DB Session ID:  HHZQO2K650D8M6E2MVAH
2025/10/04-14:47:23.876955 497c SST files in ./storage\collections\user_vectors_1024\0\segments\431e6ad8-c852-4aa2-a3b1-f614d72eb216\payload_index dir, Total Num: 0, files: 
2025/10/04-14:47:23.876982 497c Write Ahead Log file in ./storage\collections\user_vectors_1024\0\segments\431e6ad8-c852-4aa2-a3b1-f614d72eb216\payload_index: 
2025/10/04-14:47:23.877000 497c                         Options.error_if_exists: 0
2025/10/04-14:47:23.879088 497c                       Options.create_if_missing: 1
2025/10/04-14:47:23.880042 497c                         Options.paranoid_checks: 1
2025/10/04-14:47:23.880055 497c             Options.flush_verify_memtable_count: 1
2025/10/04-14:47:23.880061 497c          Options.compaction_verify_record_count: 1
2025/10/04-14:47:23.880067 497c                               Options.track_and_verify_wals_in_manifest: 0
2025/10/04-14:47:23.880072 497c        Options.verify_sst_unique_id_in_manifest: 1
2025/10/04-14:47:23.880078 497c                                     Options.env: 000001F24A636E50
2025/10/04-14:47:23.880084 497c                                      Options.fs: WinFS
2025/10/04-14:47:23.880089 497c                                Options.info_log: 000001F24BE8C460
2025/10/04-14:47:23.880094 497c                Options.max_file_opening_threads: 16
2025/10/04-14:47:23.880099 497c                              Options.statistics: 0000000000000000
2025/10/04-14:47:23.880104 497c                               Options.use_fsync: 0
2025/10/04-14:47:23.880109 497c                       Options.max_log_file_size: 1048576
2025/10/04-14:47:23.880115 497c                  Options.max_manifest_file_size: 1073741824
2025/10/04-14:47:23.880120 497c                   Options.log_file_time_to_roll: 0
2025/10/04-14:47:23.880127 497c                       Options.keep_log_file_num: 1
2025/10/04-14:47:23.880131 497c                    Options.recycle_log_file_num: 0
2025/10/04-14:47:23.880134 497c                         Options.allow_fallocate: 1
2025/10/04-14:47:23.880138 497c                        Options.allow_mmap_reads: 0
2025/10/04-14:47:23.880141 497c                       Options.allow_mmap_writes: 0
2025/10/04-14:47:23.880144 497c                        Options.use_direct_reads: 0
2025/10/04-14:47:23.880147 497c                        Options.use_direct_io_for_flush_and_compaction: 0
2025/10/04-14:47:23.880151 497c          Options.create_missing_column_families: 1
2025/10/04-14:47:23.880154 497c                              Options.db_log_dir: 
2025/10/04-14:47:23.880158 497c                                 Options.wal_dir: 
2025/10/04-14:47:23.880162 497c                Options.table_cache_numshardbits: 6
2025/10/04-14:47:23.880165 497c                         Options.WAL_ttl_seconds: 0
2025/10/04-14:47:23.880168 497c                       Options.WAL_size_limit_MB: 0
2025/10/04-14:47:23.880172 497c                        Options.max_write_batch_group_size_bytes: 1048576
2025/10/04-14:47:23.880175 497c             Options.manifest_preallocation_size: 4194304
2025/10/04-14:47:23.880179 497c                     Options.is_fd_close_on_exec: 1
2025/10/04-14:47:23.880182 497c                   Options.advise_random_on_open: 1
2025/10/04-14:47:23.880185 497c                    Options.db_write_buffer_size: 0
2025/10/04-14:47:23.880191 497c                    Options.write_buffer_manager: 000001F24BFF6F50
2025/10/04-14:47:23.880198 497c         Options.access_hint_on_compaction_start: 1
2025/10/04-14:47:23.880205 497c           Options.random_access_max_buffer_size: 1048576
2025/10/04-14:47:23.880210 497c                      Options.use_adaptive_mutex: 0
2025/10/04-14:47:23.880215 497c                            Options.rate_limiter: 0000000000000000
2025/10/04-14:47:23.880219 497c     Options.sst_file_manager.rate_bytes_per_sec: 0
2025/10/04-14:47:23.880254 497c                       Options.wal_recovery_mode: 0
2025/10/04-14:47:23.880262 497c                  Options.enable_thread_tracking: 0
2025/10/04-14:47:23.880268 497c                  Options.enable_pipelined_write: 0
2025/10/04-14:47:23.880272 497c                  Options.unordered_write: 0
2025/10/04-14:47:23.880278 497c         Options.allow_concurrent_memtable_write: 1
2025/10/04-14:47:23.880283 497c      Options.enable_write_thread_adaptive_yield: 1
2025/10/04-14:47:23.880288 497c             Options.write_thread_max_yield_usec: 100
2025/10/04-14:47:23.880293 497c            Options.write_thread_slow_yield_usec: 3
2025/10/04-14:47:23.880298 497c                               Options.row_cache: None
2025/10/04-14:47:23.880304 497c                              Options.wal_filter: None
2025/10/04-14:47:23.880309 497c             Options.avoid_flush_during_recovery: 0
2025/10/04-14:47:23.880314 497c             Options.allow_ingest_behind: 0
2025/10/04-14:47:23.880318 497c             Options.two_write_queues: 0
2025/10/04-14:47:23.880323 497c             Options.manual_wal_flush: 0
2025/10/04-14:47:23.880328 497c             Options.wal_compression: 0
2025/10/04-14:47:23.880332 497c             Options.atomic_flush: 0
2025/10/04-14:47:23.880337 497c             Options.avoid_unnecessary_blocking_io: 0
2025/10/04-14:47:23.880342 497c                 Options.persist_stats_to_disk: 0
2025/10/04-14:47:23.880346 497c                 Options.write_dbid_to_manifest: 0
2025/10/04-14:47:23.880351 497c                 Options.log_readahead_size: 0
2025/10/04-14:47:23.880357 497c                 Options.file_checksum_gen_factory: Unknown
2025/10/04-14:47:23.880361 497c                 Options.best_efforts_recovery: 0
2025/10/04-14:47:23.880366 497c                Options.max_bgerror_resume_count: 2147483647
2025/10/04-14:47:23.880371 497c            Options.bgerror_resume_retry_interval: 1000000
2025/10/04-14:47:23.880376 497c             Options.allow_data_in_errors: 0
2025/10/04-14:47:23.880381 497c             Options.db_host_id: __hostname__
2025/10/04-14:47:23.880387 497c             Options.enforce_single_del_contracts: true
2025/10/04-14:47:23.880392 497c             Options.max_background_jobs: 2
2025/10/04-14:47:23.880397 497c             Options.max_background_compactions: -1
2025/10/04-14:47:23.880402 497c             Options.max_subcompactions: 1
2025/10/04-14:47:23.880407 497c             Options.avoid_flush_during_shutdown: 0
2025/10/04-14:47:23.880412 497c           Options.writable_file_max_buffer_size: 1048576
2025/10/04-14:47:23.880416 497c             Options.delayed_write_rate : 16777216
2025/10/04-14:47:23.880421 497c             Options.max_total_wal_size: 0
2025/10/04-14:47:23.880426 497c             Options.delete_obsolete_files_period_micros: 180000000
2025/10/04-14:47:23.880431 497c                   Options.stats_dump_period_sec: 600
2025/10/04-14:47:23.880437 497c                 Options.stats_persist_period_sec: 600
2025/10/04-14:47:23.880442 497c                 Options.stats_history_buffer_size: 1048576
2025/10/04-14:47:23.880447 497c                          Options.max_open_files: 256
2025/10/04-14:47:23.880453 497c                          Options.bytes_per_sync: 0
2025/10/04-14:47:23.880458 497c                      Options.wal_bytes_per_sync: 0
2025/10/04-14:47:23.880463 497c                   Options.strict_bytes_per_sync: 0
2025/10/04-14:47:23.880467 497c       Options.compaction_readahead_size: 2097152
2025/10/04-14:47:23.880472 497c                  Options.max_background_flushes: -1
2025/10/04-14:47:23.880477 497c Options.daily_offpeak_time_utc: 
2025/10/04-14:47:23.880482 497c Compression algorithms supported:
2025/10/04-14:47:23.880488 497c 	kZSTD supported: 0
2025/10/04-14:47:23.880493 497c 	kSnappyCompression supported: 1
2025/10/04-14:47:23.880498 497c 	kBZip2Compression supported: 0
2025/10/04-14:47:23.880513 497c 	kZlibCompression supported: 0
2025/10/04-14:47:23.880518 497c 	kLZ4Compression supported: 0
2025/10/04-14:47:23.880523 497c 	kXpressCompression supported: 0
2025/10/04-14:47:23.880556 497c 	kLZ4HCCompression supported: 0
2025/10/04-14:47:23.880563 497c 	kZSTDNotFinalCompression supported: 0
2025/10/04-14:47:23.880566 497c Fast CRC32 supported: Not supported on x86
2025/10/04-14:47:23.880571 497c DMutex implementation: std::mutex
2025/10/04-14:47:23.906977 497c               Options.comparator: leveldb.BytewiseComparator
2025/10/04-14:47:23.906988 497c           Options.merge_operator: None
2025/10/04-14:47:23.906992 497c        Options.compaction_filter: None
2025/10/04-14:47:23.906995 497c        Options.compaction_filter_factory: None
2025/10/04-14:47:23.906999 497c  Options.sst_partitioner_factory: None
2025/10/04-14:47:23.907002 497c         Options.memtable_factory: SkipListFactory
2025/10/04-14:47:23.907006 497c            Options.table_factory: BlockBasedTable
2025/10/04-14:47:23.907029 497c            table_factory options:   flush_block_policy_factory: FlushBlockBySizePolicyFactory (000001F24C1DFFF0)
  cache_index_and_filter_blocks: 0
  cache_index_and_filter_blocks_with_high_priority: 1
  pin_l0_filter_and_index_blocks_in_cache: 0
  pin_top_level_index_and_filter: 1
  index_type: 0
  data_block_index_type: 0
  index_shortening: 1
  data_block_hash_table_util_ratio: 0.750000
  checksum: 4
  no_block_cache: 0
  block_cache: 000001F24BFF79B0
  block_cache_name: LRUCache
  block_cache_options:
    capacity : 33554432
    num_shard_bits : 6
    strict_capacity_limit : 0
    memory_allocator : None
    high_pri_pool_ratio: 0.500
    low_pri_pool_ratio: 0.000
  persistent_cache: 0000000000000000
  block_size: 4096
  block_size_deviation: 10
  block_restart_interval: 16
  index_block_restart_interval: 1
  metadata_block_size: 4096
  partition_filters: 0
  use_delta_encoding: 1
  filter_policy: nullptr
  whole_key_filtering: 1
  verify_compression: 0
  read_amp_bytes_per_bit: 0
  format_version: 5
  enable_index_compression: 1
  block_align: 0
  max_auto_readahead_size: 262144
  prepopulate_block_cache: 0
  initial_auto_readahead_size: 8192
  num_file_reads_for_auto_readahead: 2
2025/10/04-14:47:23.907034 497c        Options.write_buffer_size: 10485760
2025/10/04-14:47:23.907037 497c  Options.max_write_buffer_number: 2
2025/10/04-14:47:23.907041 497c          Options.compression: Snappy
2025/10/04-14:47:23.907044 497c                  Options.bottommost_compression: Disabled
2025/10/04-14:47:23.907048 497c       Options.prefix_extractor: nullptr
2025/10/04-14:47:23.907052 497c   Options.memtable_insert_with_hint_prefix_extractor: nullptr
2025/10/04-14:47:23.907055 497c             Options.num_levels: 7
2025/10/04-14:47:23.907059 497c        Options.min_write_buffer_number_to_merge: 1
2025/10/04-14:47:23.907062 497c     Options.max_write_buffer_number_to_maintain: 0
2025/10/04-14:47:23.907066 497c     Options.max_write_buffer_size_to_maintain: 0
2025/10/04-14:47:23.907070 497c            Options.bottommost_compression_opts.window_bits: -14
2025/10/04-14:47:23.907074 497c                  Options.bottommost_compression_opts.level: 32767
2025/10/04-14:47:23.907077 497c               Options.bottommost_compression_opts.strategy: 0
2025/10/04-14:47:23.907081 497c         Options.bottommost_compression_opts.max_dict_bytes: 0
2025/10/04-14:47:23.907085 497c         Options.bottommost_compression_opts.zstd_max_train_bytes: 0
2025/10/04-14:47:23.907088 497c         Options.bottommost_compression_opts.parallel_threads: 1
2025/10/04-14:47:23.907092 497c                  Options.bottommost_compression_opts.enabled: false
2025/10/04-14:47:23.907096 497c         Options.bottommost_compression_opts.max_dict_buffer_bytes: 0
2025/10/04-14:47:23.907100 497c         Options.bottommost_compression_opts.use_zstd_dict_trainer: true
2025/10/04-14:47:23.907103 497c            Options.compression_opts.window_bits: -14
2025/10/04-14:47:23.907107 497c                  Options.compression_opts.level: 32767
2025/10/04-14:47:23.907110 497c               Options.compression_opts.strategy: 0
2025/10/04-14:47:23.907113 497c         Options.compression_opts.max_dict_bytes: 0
2025/10/04-14:47:23.907119 497c         Options.compression_opts.zstd_max_train_bytes: 0
2025/10/04-14:47:23.907124 497c         Options.compression_opts.use_zstd_dict_trainer: true
2025/10/04-14:47:23.907127 497c         Options.compression_opts.parallel_threads: 1
2025/10/04-14:47:23.907131 497c                  Options.compression_opts.enabled: false
2025/10/04-14:47:23.907134 497c         Options.compression_opts.max_dict_buffer_bytes: 0
2025/10/04-14:47:23.907138 497c      Options.level0_file_num_compaction_trigger: 4
2025/10/04-14:47:23.907141 497c          Options.level0_slowdown_writes_trigger: 20
2025/10/04-14:47:23.907144 497c              Options.level0_stop_writes_trigger: 36
2025/10/04-14:47:23.907148 497c                   Options.target_file_size_base: 67108864
2025/10/04-14:47:23.907152 497c             Options.target_file_size_multiplier: 1
2025/10/04-14:47:23.907155 497c                Options.max_bytes_for_level_base: 268435456
2025/10/04-14:47:23.907159 497c Options.level_compaction_dynamic_level_bytes: 1
2025/10/04-14:47:23.907163 497c          Options.max_bytes_for_level_multiplier: 10.000000
2025/10/04-14:47:23.907167 497c Options.max_bytes_for_level_multiplier_addtl[0]: 1
2025/10/04-14:47:23.907170 497c Options.max_bytes_for_level_multiplier_addtl[1]: 1
2025/10/04-14:47:23.907174 497c Options.max_bytes_for_level_multiplier_addtl[2]: 1
2025/10/04-14:47:23.907177 497c Options.max_bytes_for_level_multiplier_addtl[3]: 1
2025/10/04-14:47:23.907180 497c Options.max_bytes_for_level_multiplier_addtl[4]: 1
2025/10/04-14:47:23.907184 497c Options.max_bytes_for_level_multiplier_addtl[5]: 1
2025/10/04-14:47:23.907188 497c Options.max_bytes_for_level_multiplier_addtl[6]: 1
2025/10/04-14:47:23.907191 497c       Options.max_sequential_skip_in_iterations: 8
2025/10/04-14:47:23.907195 497c                    Options.max_compaction_bytes: 1677721600
2025/10/04-14:47:23.907199 497c   Options.ignore_max_compaction_bytes_for_input: true
2025/10/04-14:47:23.907207 497c                        Options.arena_block_size: 1048576
2025/10/04-14:47:23.907211 497c   Options.soft_pending_compaction_bytes_limit: 68719476736
2025/10/04-14:47:23.907214 497c   Options.hard_pending_compaction_bytes_limit: 274877906944
2025/10/04-14:47:23.907218 497c                Options.disable_auto_compactions: 0
2025/10/04-14:47:23.907222 497c                        Options.compaction_style: kCompactionStyleLevel
2025/10/04-14:47:23.907226 497c                          Options.compaction_pri: kMinOverlappingRatio
2025/10/04-14:47:23.907229 497c Options.compaction_options_universal.size_ratio: 1
2025/10/04-14:47:23.907233 497c Options.compaction_options_universal.min_merge_width: 2
2025/10/04-14:47:23.907237 497c Options.compaction_options_universal.max_merge_width: 4294967295
2025/10/04-14:47:23.907243 497c Options.compaction_options_universal.max_size_amplification_percent: 200
2025/10/04-14:47:23.907247 497c Options.compaction_options_universal.compression_size_percent: -1
2025/10/04-14:47:23.907250 497c Options.compaction_options_universal.stop_style: kCompactionStopStyleTotalSize
2025/10/04-14:47:23.907254 497c Options.compaction_options_fifo.max_table_files_size: 1073741824
2025/10/04-14:47:23.907257 497c Options.compaction_options_fifo.allow_compaction: 0
2025/10/04-14:47:23.907261 497c                   Options.table_properties_collectors: 
2025/10/04-14:47:23.907265 497c                   Options.inplace_update_support: 0
2025/10/04-14:47:23.907269 497c                 Options.inplace_update_num_locks: 10000
2025/10/04-14:47:23.907272 497c               Options.memtable_prefix_bloom_size_ratio: 0.000000
2025/10/04-14:47:23.907276 497c               Options.memtable_whole_key_filtering: 0
2025/10/04-14:47:23.907279 497c   Options.memtable_huge_page_size: 0
2025/10/04-14:47:23.907283 497c                           Options.bloom_locality: 0
2025/10/04-14:47:23.907286 497c                    Options.max_successive_merges: 0
2025/10/04-14:47:23.907289 497c                Options.optimize_filters_for_hits: 0
2025/10/04-14:47:23.907293 497c                Options.paranoid_file_checks: 0
2025/10/04-14:47:23.907362 497c                Options.force_consistency_checks: 1
2025/10/04-14:47:23.907369 497c                Options.report_bg_io_stats: 0
2025/10/04-14:47:23.907374 497c                               Options.ttl: 2592000
2025/10/04-14:47:23.907378 497c          Options.periodic_compaction_seconds: 0
2025/10/04-14:47:23.907383 497c                        Options.default_temperature: kUnknown
2025/10/04-14:47:23.907388 497c  Options.preclude_last_level_data_seconds: 0
2025/10/04-14:47:23.907393 497c    Options.preserve_internal_time_seconds: 0
2025/10/04-14:47:23.907398 497c                       Options.enable_blob_files: false
2025/10/04-14:47:23.907403 497c                           Options.min_blob_size: 0
2025/10/04-14:47:23.907408 497c                          Options.blob_file_size: 268435456
2025/10/04-14:47:23.907412 497c                   Options.blob_compression_type: NoCompression
2025/10/04-14:47:23.907417 497c          Options.enable_blob_garbage_collection: false
2025/10/04-14:47:23.907422 497c      Options.blob_garbage_collection_age_cutoff: 0.250000
2025/10/04-14:47:23.907428 497c Options.blob_garbage_collection_force_threshold: 1.000000
2025/10/04-14:47:23.907433 497c          Options.blob_compaction_readahead_size: 0
2025/10/04-14:47:23.907438 497c                Options.blob_file_starting_level: 0
2025/10/04-14:47:23.907443 497c         Options.experimental_mempurge_threshold: 0.000000
2025/10/04-14:47:23.907448 497c            Options.memtable_max_range_deletions: 0
2025/10/04-14:47:23.944415 497c DB pointer 000001F24C850F40
