2025/10/04-14:47:23.761675 63b0 RocksDB version: 8.10.0
2025/10/04-14:47:23.761779 63b0 Compile date 2023-12-15 13:01:14
2025/10/04-14:47:23.762123 63b0 DB SUMMARY
2025/10/04-14:47:23.762247 63b0 Host name (Env):  LAPTOP-9MCODDG3
2025/10/04-14:47:23.762298 63b0 DB Session ID:  HHZQO2K650D8M6E2MVAD
2025/10/04-14:47:23.763629 63b0 SST files in ./storage\collections\user_vectors_1024\0\segments\a671fff9-9b02-4c8d-ae67-8e412dbb5d04 dir, Total Num: 0, files: 
2025/10/04-14:47:23.763651 63b0 Write Ahead Log file in ./storage\collections\user_vectors_1024\0\segments\a671fff9-9b02-4c8d-ae67-8e412dbb5d04: 
2025/10/04-14:47:23.763665 63b0                         Options.error_if_exists: 0
2025/10/04-14:47:23.763678 63b0                       Options.create_if_missing: 1
2025/10/04-14:47:23.763892 63b0                         Options.paranoid_checks: 1
2025/10/04-14:47:23.763905 63b0             Options.flush_verify_memtable_count: 1
2025/10/04-14:47:23.763912 63b0          Options.compaction_verify_record_count: 1
2025/10/04-14:47:23.763917 63b0                               Options.track_and_verify_wals_in_manifest: 0
2025/10/04-14:47:23.763922 63b0        Options.verify_sst_unique_id_in_manifest: 1
2025/10/04-14:47:23.763927 63b0                                     Options.env: 000001F24A636E50
2025/10/04-14:47:23.763933 63b0                                      Options.fs: WinFS
2025/10/04-14:47:23.763938 63b0                                Options.info_log: 000001F24BE8D5E0
2025/10/04-14:47:23.763942 63b0                Options.max_file_opening_threads: 16
2025/10/04-14:47:23.763947 63b0                              Options.statistics: 0000000000000000
2025/10/04-14:47:23.763952 63b0                               Options.use_fsync: 0
2025/10/04-14:47:23.763957 63b0                       Options.max_log_file_size: 1048576
2025/10/04-14:47:23.763962 63b0                  Options.max_manifest_file_size: 1073741824
2025/10/04-14:47:23.763967 63b0                   Options.log_file_time_to_roll: 0
2025/10/04-14:47:23.763972 63b0                       Options.keep_log_file_num: 1
2025/10/04-14:47:23.763997 63b0                    Options.recycle_log_file_num: 0
2025/10/04-14:47:23.764003 63b0                         Options.allow_fallocate: 1
2025/10/04-14:47:23.764009 63b0                        Options.allow_mmap_reads: 0
2025/10/04-14:47:23.764014 63b0                       Options.allow_mmap_writes: 0
2025/10/04-14:47:23.764019 63b0                        Options.use_direct_reads: 0
2025/10/04-14:47:23.764024 63b0                        Options.use_direct_io_for_flush_and_compaction: 0
2025/10/04-14:47:23.764029 63b0          Options.create_missing_column_families: 1
2025/10/04-14:47:23.764034 63b0                              Options.db_log_dir: 
2025/10/04-14:47:23.764041 63b0                                 Options.wal_dir: 
2025/10/04-14:47:23.764045 63b0                Options.table_cache_numshardbits: 6
2025/10/04-14:47:23.764049 63b0                         Options.WAL_ttl_seconds: 0
2025/10/04-14:47:23.764054 63b0                       Options.WAL_size_limit_MB: 0
2025/10/04-14:47:23.764059 63b0                        Options.max_write_batch_group_size_bytes: 1048576
2025/10/04-14:47:23.764064 63b0             Options.manifest_preallocation_size: 4194304
2025/10/04-14:47:23.764069 63b0                     Options.is_fd_close_on_exec: 1
2025/10/04-14:47:23.764074 63b0                   Options.advise_random_on_open: 1
2025/10/04-14:47:23.764079 63b0                    Options.db_write_buffer_size: 0
2025/10/04-14:47:23.764083 63b0                    Options.write_buffer_manager: 000001F24BF6AD80
2025/10/04-14:47:23.764089 63b0         Options.access_hint_on_compaction_start: 1
2025/10/04-14:47:23.764093 63b0           Options.random_access_max_buffer_size: 1048576
2025/10/04-14:47:23.764098 63b0                      Options.use_adaptive_mutex: 0
2025/10/04-14:47:23.764104 63b0                            Options.rate_limiter: 0000000000000000
2025/10/04-14:47:23.764109 63b0     Options.sst_file_manager.rate_bytes_per_sec: 0
2025/10/04-14:47:23.764138 63b0                       Options.wal_recovery_mode: 0
2025/10/04-14:47:23.764145 63b0                  Options.enable_thread_tracking: 0
2025/10/04-14:47:23.764150 63b0                  Options.enable_pipelined_write: 0
2025/10/04-14:47:23.764155 63b0                  Options.unordered_write: 0
2025/10/04-14:47:23.764160 63b0         Options.allow_concurrent_memtable_write: 1
2025/10/04-14:47:23.764165 63b0      Options.enable_write_thread_adaptive_yield: 1
2025/10/04-14:47:23.764170 63b0             Options.write_thread_max_yield_usec: 100
2025/10/04-14:47:23.764176 63b0            Options.write_thread_slow_yield_usec: 3
2025/10/04-14:47:23.764183 63b0                               Options.row_cache: None
2025/10/04-14:47:23.764189 63b0                              Options.wal_filter: None
2025/10/04-14:47:23.764193 63b0             Options.avoid_flush_during_recovery: 0
2025/10/04-14:47:23.764198 63b0             Options.allow_ingest_behind: 0
2025/10/04-14:47:23.764203 63b0             Options.two_write_queues: 0
2025/10/04-14:47:23.764207 63b0             Options.manual_wal_flush: 0
2025/10/04-14:47:23.764212 63b0             Options.wal_compression: 0
2025/10/04-14:47:23.764216 63b0             Options.atomic_flush: 0
2025/10/04-14:47:23.764221 63b0             Options.avoid_unnecessary_blocking_io: 0
2025/10/04-14:47:23.764226 63b0                 Options.persist_stats_to_disk: 0
2025/10/04-14:47:23.764231 63b0                 Options.write_dbid_to_manifest: 0
2025/10/04-14:47:23.764236 63b0                 Options.log_readahead_size: 0
2025/10/04-14:47:23.764241 63b0                 Options.file_checksum_gen_factory: Unknown
2025/10/04-14:47:23.764246 63b0                 Options.best_efforts_recovery: 0
2025/10/04-14:47:23.764251 63b0                Options.max_bgerror_resume_count: 2147483647
2025/10/04-14:47:23.764256 63b0            Options.bgerror_resume_retry_interval: 1000000
2025/10/04-14:47:23.764261 63b0             Options.allow_data_in_errors: 0
2025/10/04-14:47:23.764265 63b0             Options.db_host_id: __hostname__
2025/10/04-14:47:23.764270 63b0             Options.enforce_single_del_contracts: true
2025/10/04-14:47:23.764275 63b0             Options.max_background_jobs: 2
2025/10/04-14:47:23.764281 63b0             Options.max_background_compactions: -1
2025/10/04-14:47:23.764284 63b0             Options.max_subcompactions: 1
2025/10/04-14:47:23.764288 63b0             Options.avoid_flush_during_shutdown: 0
2025/10/04-14:47:23.764291 63b0           Options.writable_file_max_buffer_size: 1048576
2025/10/04-14:47:23.764294 63b0             Options.delayed_write_rate : 16777216
2025/10/04-14:47:23.764298 63b0             Options.max_total_wal_size: 0
2025/10/04-14:47:23.764303 63b0             Options.delete_obsolete_files_period_micros: 180000000
2025/10/04-14:47:23.764308 63b0                   Options.stats_dump_period_sec: 600
2025/10/04-14:47:23.764313 63b0                 Options.stats_persist_period_sec: 600
2025/10/04-14:47:23.764318 63b0                 Options.stats_history_buffer_size: 1048576
2025/10/04-14:47:23.764324 63b0                          Options.max_open_files: 256
2025/10/04-14:47:23.764327 63b0                          Options.bytes_per_sync: 0
2025/10/04-14:47:23.764331 63b0                      Options.wal_bytes_per_sync: 0
2025/10/04-14:47:23.764334 63b0                   Options.strict_bytes_per_sync: 0
2025/10/04-14:47:23.764337 63b0       Options.compaction_readahead_size: 2097152
2025/10/04-14:47:23.764341 63b0                  Options.max_background_flushes: -1
2025/10/04-14:47:23.764344 63b0 Options.daily_offpeak_time_utc: 
2025/10/04-14:47:23.764347 63b0 Compression algorithms supported:
2025/10/04-14:47:23.764350 63b0 	kZSTD supported: 0
2025/10/04-14:47:23.764353 63b0 	kSnappyCompression supported: 1
2025/10/04-14:47:23.764356 63b0 	kBZip2Compression supported: 0
2025/10/04-14:47:23.764359 63b0 	kZlibCompression supported: 0
2025/10/04-14:47:23.764362 63b0 	kLZ4Compression supported: 0
2025/10/04-14:47:23.764365 63b0 	kXpressCompression supported: 0
2025/10/04-14:47:23.764388 63b0 	kLZ4HCCompression supported: 0
2025/10/04-14:47:23.764393 63b0 	kZSTDNotFinalCompression supported: 0
2025/10/04-14:47:23.764397 63b0 Fast CRC32 supported: Not supported on x86
2025/10/04-14:47:23.764400 63b0 DMutex implementation: std::mutex
2025/10/04-14:47:23.807125 63b0               Options.comparator: leveldb.BytewiseComparator
2025/10/04-14:47:23.807141 63b0           Options.merge_operator: None
2025/10/04-14:47:23.807148 63b0        Options.compaction_filter: None
2025/10/04-14:47:23.807153 63b0        Options.compaction_filter_factory: None
2025/10/04-14:47:23.807159 63b0  Options.sst_partitioner_factory: None
2025/10/04-14:47:23.807164 63b0         Options.memtable_factory: SkipListFactory
2025/10/04-14:47:23.807171 63b0            Options.table_factory: BlockBasedTable
2025/10/04-14:47:23.807214 63b0            table_factory options:   flush_block_policy_factory: FlushBlockBySizePolicyFactory (000001F24BBF3EC0)
  cache_index_and_filter_blocks: 0
  cache_index_and_filter_blocks_with_high_priority: 1
  pin_l0_filter_and_index_blocks_in_cache: 0
  pin_top_level_index_and_filter: 1
  index_type: 0
  data_block_index_type: 0
  index_shortening: 1
  data_block_hash_table_util_ratio: 0.750000
  checksum: 4
  no_block_cache: 0
  block_cache: 000001F24A6376D0
  block_cache_name: LRUCache
  block_cache_options:
    capacity : 33554432
    num_shard_bits : 6
    strict_capacity_limit : 0
    memory_allocator : None
    high_pri_pool_ratio: 0.500
    low_pri_pool_ratio: 0.000
  persistent_cache: 0000000000000000
  block_size: 4096
  block_size_deviation: 10
  block_restart_interval: 16
  index_block_restart_interval: 1
  metadata_block_size: 4096
  partition_filters: 0
  use_delta_encoding: 1
  filter_policy: nullptr
  whole_key_filtering: 1
  verify_compression: 0
  read_amp_bytes_per_bit: 0
  format_version: 5
  enable_index_compression: 1
  block_align: 0
  max_auto_readahead_size: 262144
  prepopulate_block_cache: 0
  initial_auto_readahead_size: 8192
  num_file_reads_for_auto_readahead: 2
2025/10/04-14:47:23.807220 63b0        Options.write_buffer_size: 10485760
2025/10/04-14:47:23.807225 63b0  Options.max_write_buffer_number: 2
2025/10/04-14:47:23.807230 63b0          Options.compression: Snappy
2025/10/04-14:47:23.807235 63b0                  Options.bottommost_compression: Disabled
2025/10/04-14:47:23.807241 63b0       Options.prefix_extractor: nullptr
2025/10/04-14:47:23.807246 63b0   Options.memtable_insert_with_hint_prefix_extractor: nullptr
2025/10/04-14:47:23.807253 63b0             Options.num_levels: 7
2025/10/04-14:47:23.807260 63b0        Options.min_write_buffer_number_to_merge: 1
2025/10/04-14:47:23.807267 63b0     Options.max_write_buffer_number_to_maintain: 0
2025/10/04-14:47:23.807272 63b0     Options.max_write_buffer_size_to_maintain: 0
2025/10/04-14:47:23.807276 63b0            Options.bottommost_compression_opts.window_bits: -14
2025/10/04-14:47:23.807282 63b0                  Options.bottommost_compression_opts.level: 32767
2025/10/04-14:47:23.807287 63b0               Options.bottommost_compression_opts.strategy: 0
2025/10/04-14:47:23.807292 63b0         Options.bottommost_compression_opts.max_dict_bytes: 0
2025/10/04-14:47:23.807297 63b0         Options.bottommost_compression_opts.zstd_max_train_bytes: 0
2025/10/04-14:47:23.807302 63b0         Options.bottommost_compression_opts.parallel_threads: 1
2025/10/04-14:47:23.807306 63b0                  Options.bottommost_compression_opts.enabled: false
2025/10/04-14:47:23.807311 63b0         Options.bottommost_compression_opts.max_dict_buffer_bytes: 0
2025/10/04-14:47:23.807320 63b0         Options.bottommost_compression_opts.use_zstd_dict_trainer: true
2025/10/04-14:47:23.807325 63b0            Options.compression_opts.window_bits: -14
2025/10/04-14:47:23.807330 63b0                  Options.compression_opts.level: 32767
2025/10/04-14:47:23.807335 63b0               Options.compression_opts.strategy: 0
2025/10/04-14:47:23.807339 63b0         Options.compression_opts.max_dict_bytes: 0
2025/10/04-14:47:23.807345 63b0         Options.compression_opts.zstd_max_train_bytes: 0
2025/10/04-14:47:23.807354 63b0         Options.compression_opts.use_zstd_dict_trainer: true
2025/10/04-14:47:23.807361 63b0         Options.compression_opts.parallel_threads: 1
2025/10/04-14:47:23.807366 63b0                  Options.compression_opts.enabled: false
2025/10/04-14:47:23.807371 63b0         Options.compression_opts.max_dict_buffer_bytes: 0
2025/10/04-14:47:23.807376 63b0      Options.level0_file_num_compaction_trigger: 4
2025/10/04-14:47:23.807381 63b0          Options.level0_slowdown_writes_trigger: 20
2025/10/04-14:47:23.807387 63b0              Options.level0_stop_writes_trigger: 36
2025/10/04-14:47:23.807392 63b0                   Options.target_file_size_base: 67108864
2025/10/04-14:47:23.807397 63b0             Options.target_file_size_multiplier: 1
2025/10/04-14:47:23.807402 63b0                Options.max_bytes_for_level_base: 268435456
2025/10/04-14:47:23.807407 63b0 Options.level_compaction_dynamic_level_bytes: 1
2025/10/04-14:47:23.807416 63b0          Options.max_bytes_for_level_multiplier: 10.000000
2025/10/04-14:47:23.807423 63b0 Options.max_bytes_for_level_multiplier_addtl[0]: 1
2025/10/04-14:47:23.807428 63b0 Options.max_bytes_for_level_multiplier_addtl[1]: 1
2025/10/04-14:47:23.807433 63b0 Options.max_bytes_for_level_multiplier_addtl[2]: 1
2025/10/04-14:47:23.807438 63b0 Options.max_bytes_for_level_multiplier_addtl[3]: 1
2025/10/04-14:47:23.807444 63b0 Options.max_bytes_for_level_multiplier_addtl[4]: 1
2025/10/04-14:47:23.807450 63b0 Options.max_bytes_for_level_multiplier_addtl[5]: 1
2025/10/04-14:47:23.807455 63b0 Options.max_bytes_for_level_multiplier_addtl[6]: 1
2025/10/04-14:47:23.807460 63b0       Options.max_sequential_skip_in_iterations: 8
2025/10/04-14:47:23.807465 63b0                    Options.max_compaction_bytes: 1677721600
2025/10/04-14:47:23.807470 63b0   Options.ignore_max_compaction_bytes_for_input: true
2025/10/04-14:47:23.807474 63b0                        Options.arena_block_size: 1048576
2025/10/04-14:47:23.807478 63b0   Options.soft_pending_compaction_bytes_limit: 68719476736
2025/10/04-14:47:23.807481 63b0   Options.hard_pending_compaction_bytes_limit: 274877906944
2025/10/04-14:47:23.807484 63b0                Options.disable_auto_compactions: 0
2025/10/04-14:47:23.807488 63b0                        Options.compaction_style: kCompactionStyleLevel
2025/10/04-14:47:23.807492 63b0                          Options.compaction_pri: kMinOverlappingRatio
2025/10/04-14:47:23.807495 63b0 Options.compaction_options_universal.size_ratio: 1
2025/10/04-14:47:23.807500 63b0 Options.compaction_options_universal.min_merge_width: 2
2025/10/04-14:47:23.807506 63b0 Options.compaction_options_universal.max_merge_width: 4294967295
2025/10/04-14:47:23.807511 63b0 Options.compaction_options_universal.max_size_amplification_percent: 200
2025/10/04-14:47:23.807517 63b0 Options.compaction_options_universal.compression_size_percent: -1
2025/10/04-14:47:23.807522 63b0 Options.compaction_options_universal.stop_style: kCompactionStopStyleTotalSize
2025/10/04-14:47:23.807526 63b0 Options.compaction_options_fifo.max_table_files_size: 1073741824
2025/10/04-14:47:23.807529 63b0 Options.compaction_options_fifo.allow_compaction: 0
2025/10/04-14:47:23.807632 63b0                   Options.table_properties_collectors: 
2025/10/04-14:47:23.807645 63b0                   Options.inplace_update_support: 0
2025/10/04-14:47:23.807650 63b0                 Options.inplace_update_num_locks: 10000
2025/10/04-14:47:23.807656 63b0               Options.memtable_prefix_bloom_size_ratio: 0.000000
2025/10/04-14:47:23.807661 63b0               Options.memtable_whole_key_filtering: 0
2025/10/04-14:47:23.807666 63b0   Options.memtable_huge_page_size: 0
2025/10/04-14:47:23.807673 63b0                           Options.bloom_locality: 0
2025/10/04-14:47:23.807678 63b0                    Options.max_successive_merges: 0
2025/10/04-14:47:23.807688 63b0                Options.optimize_filters_for_hits: 0
2025/10/04-14:47:23.807694 63b0                Options.paranoid_file_checks: 0
2025/10/04-14:47:23.807749 63b0                Options.force_consistency_checks: 1
2025/10/04-14:47:23.807758 63b0                Options.report_bg_io_stats: 0
2025/10/04-14:47:23.807765 63b0                               Options.ttl: 2592000
2025/10/04-14:47:23.807769 63b0          Options.periodic_compaction_seconds: 0
2025/10/04-14:47:23.807775 63b0                        Options.default_temperature: kUnknown
2025/10/04-14:47:23.807781 63b0  Options.preclude_last_level_data_seconds: 0
2025/10/04-14:47:23.807784 63b0    Options.preserve_internal_time_seconds: 0
2025/10/04-14:47:23.807788 63b0                       Options.enable_blob_files: false
2025/10/04-14:47:23.807793 63b0                           Options.min_blob_size: 0
2025/10/04-14:47:23.807798 63b0                          Options.blob_file_size: 268435456
2025/10/04-14:47:23.807802 63b0                   Options.blob_compression_type: NoCompression
2025/10/04-14:47:23.807806 63b0          Options.enable_blob_garbage_collection: false
2025/10/04-14:47:23.807816 63b0      Options.blob_garbage_collection_age_cutoff: 0.250000
2025/10/04-14:47:23.807831 63b0 Options.blob_garbage_collection_force_threshold: 1.000000
2025/10/04-14:47:23.807838 63b0          Options.blob_compaction_readahead_size: 0
2025/10/04-14:47:23.807843 63b0                Options.blob_file_starting_level: 0
2025/10/04-14:47:23.808070 63b0         Options.experimental_mempurge_threshold: 0.000000
2025/10/04-14:47:23.808076 63b0            Options.memtable_max_range_deletions: 0
2025/10/04-14:47:23.837060 63b0               Options.comparator: leveldb.BytewiseComparator
2025/10/04-14:47:23.837082 63b0           Options.merge_operator: None
2025/10/04-14:47:23.837089 63b0        Options.compaction_filter: None
2025/10/04-14:47:23.837095 63b0        Options.compaction_filter_factory: None
2025/10/04-14:47:23.837101 63b0  Options.sst_partitioner_factory: None
2025/10/04-14:47:23.837107 63b0         Options.memtable_factory: SkipListFactory
2025/10/04-14:47:23.837114 63b0            Options.table_factory: BlockBasedTable
2025/10/04-14:47:23.837155 63b0            table_factory options:   flush_block_policy_factory: FlushBlockBySizePolicyFactory (000001F24BBF3EC0)
  cache_index_and_filter_blocks: 0
  cache_index_and_filter_blocks_with_high_priority: 1
  pin_l0_filter_and_index_blocks_in_cache: 0
  pin_top_level_index_and_filter: 1
  index_type: 0
  data_block_index_type: 0
  index_shortening: 1
  data_block_hash_table_util_ratio: 0.750000
  checksum: 4
  no_block_cache: 0
  block_cache: 000001F24A6376D0
  block_cache_name: LRUCache
  block_cache_options:
    capacity : 33554432
    num_shard_bits : 6
    strict_capacity_limit : 0
    memory_allocator : None
    high_pri_pool_ratio: 0.500
    low_pri_pool_ratio: 0.000
  persistent_cache: 0000000000000000
  block_size: 4096
  block_size_deviation: 10
  block_restart_interval: 16
  index_block_restart_interval: 1
  metadata_block_size: 4096
  partition_filters: 0
  use_delta_encoding: 1
  filter_policy: nullptr
  whole_key_filtering: 1
  verify_compression: 0
  read_amp_bytes_per_bit: 0
  format_version: 5
  enable_index_compression: 1
  block_align: 0
  max_auto_readahead_size: 262144
  prepopulate_block_cache: 0
  initial_auto_readahead_size: 8192
  num_file_reads_for_auto_readahead: 2
2025/10/04-14:47:23.837163 63b0        Options.write_buffer_size: 10485760
2025/10/04-14:47:23.837169 63b0  Options.max_write_buffer_number: 2
2025/10/04-14:47:23.837174 63b0          Options.compression: Snappy
2025/10/04-14:47:23.837180 63b0                  Options.bottommost_compression: Disabled
2025/10/04-14:47:23.837186 63b0       Options.prefix_extractor: nullptr
2025/10/04-14:47:23.837192 63b0   Options.memtable_insert_with_hint_prefix_extractor: nullptr
2025/10/04-14:47:23.837198 63b0             Options.num_levels: 7
2025/10/04-14:47:23.837203 63b0        Options.min_write_buffer_number_to_merge: 1
2025/10/04-14:47:23.837209 63b0     Options.max_write_buffer_number_to_maintain: 0
2025/10/04-14:47:23.837215 63b0     Options.max_write_buffer_size_to_maintain: 0
2025/10/04-14:47:23.837228 63b0            Options.bottommost_compression_opts.window_bits: -14
2025/10/04-14:47:23.837237 63b0                  Options.bottommost_compression_opts.level: 32767
2025/10/04-14:47:23.837243 63b0               Options.bottommost_compression_opts.strategy: 0
2025/10/04-14:47:23.837249 63b0         Options.bottommost_compression_opts.max_dict_bytes: 0
2025/10/04-14:47:23.837255 63b0         Options.bottommost_compression_opts.zstd_max_train_bytes: 0
2025/10/04-14:47:23.837261 63b0         Options.bottommost_compression_opts.parallel_threads: 1
2025/10/04-14:47:23.837268 63b0                  Options.bottommost_compression_opts.enabled: false
2025/10/04-14:47:23.837274 63b0         Options.bottommost_compression_opts.max_dict_buffer_bytes: 0
2025/10/04-14:47:23.837280 63b0         Options.bottommost_compression_opts.use_zstd_dict_trainer: true
2025/10/04-14:47:23.837286 63b0            Options.compression_opts.window_bits: -14
2025/10/04-14:47:23.837292 63b0                  Options.compression_opts.level: 32767
2025/10/04-14:47:23.837298 63b0               Options.compression_opts.strategy: 0
2025/10/04-14:47:23.837305 63b0         Options.compression_opts.max_dict_bytes: 0
2025/10/04-14:47:23.837311 63b0         Options.compression_opts.zstd_max_train_bytes: 0
2025/10/04-14:47:23.837317 63b0         Options.compression_opts.use_zstd_dict_trainer: true
2025/10/04-14:47:23.837323 63b0         Options.compression_opts.parallel_threads: 1
2025/10/04-14:47:23.837329 63b0                  Options.compression_opts.enabled: false
2025/10/04-14:47:23.837336 63b0         Options.compression_opts.max_dict_buffer_bytes: 0
2025/10/04-14:47:23.837342 63b0      Options.level0_file_num_compaction_trigger: 4
2025/10/04-14:47:23.837348 63b0          Options.level0_slowdown_writes_trigger: 20
2025/10/04-14:47:23.837354 63b0              Options.level0_stop_writes_trigger: 36
2025/10/04-14:47:23.837359 63b0                   Options.target_file_size_base: 67108864
2025/10/04-14:47:23.837365 63b0             Options.target_file_size_multiplier: 1
2025/10/04-14:47:23.837371 63b0                Options.max_bytes_for_level_base: 268435456
2025/10/04-14:47:23.837377 63b0 Options.level_compaction_dynamic_level_bytes: 1
2025/10/04-14:47:23.837384 63b0          Options.max_bytes_for_level_multiplier: 10.000000
2025/10/04-14:47:23.837398 63b0 Options.max_bytes_for_level_multiplier_addtl[0]: 1
2025/10/04-14:47:23.837404 63b0 Options.max_bytes_for_level_multiplier_addtl[1]: 1
2025/10/04-14:47:23.837410 63b0 Options.max_bytes_for_level_multiplier_addtl[2]: 1
2025/10/04-14:47:23.837416 63b0 Options.max_bytes_for_level_multiplier_addtl[3]: 1
2025/10/04-14:47:23.837422 63b0 Options.max_bytes_for_level_multiplier_addtl[4]: 1
2025/10/04-14:47:23.837428 63b0 Options.max_bytes_for_level_multiplier_addtl[5]: 1
2025/10/04-14:47:23.837433 63b0 Options.max_bytes_for_level_multiplier_addtl[6]: 1
2025/10/04-14:47:23.837439 63b0       Options.max_sequential_skip_in_iterations: 8
2025/10/04-14:47:23.837446 63b0                    Options.max_compaction_bytes: 1677721600
2025/10/04-14:47:23.837452 63b0   Options.ignore_max_compaction_bytes_for_input: true
2025/10/04-14:47:23.837458 63b0                        Options.arena_block_size: 1048576
2025/10/04-14:47:23.837466 63b0   Options.soft_pending_compaction_bytes_limit: 68719476736
2025/10/04-14:47:23.837472 63b0   Options.hard_pending_compaction_bytes_limit: 274877906944
2025/10/04-14:47:23.837478 63b0                Options.disable_auto_compactions: 0
2025/10/04-14:47:23.837485 63b0                        Options.compaction_style: kCompactionStyleLevel
2025/10/04-14:47:23.837491 63b0                          Options.compaction_pri: kMinOverlappingRatio
2025/10/04-14:47:23.837497 63b0 Options.compaction_options_universal.size_ratio: 1
2025/10/04-14:47:23.837503 63b0 Options.compaction_options_universal.min_merge_width: 2
2025/10/04-14:47:23.837509 63b0 Options.compaction_options_universal.max_merge_width: 4294967295
2025/10/04-14:47:23.837516 63b0 Options.compaction_options_universal.max_size_amplification_percent: 200
2025/10/04-14:47:23.837524 63b0 Options.compaction_options_universal.compression_size_percent: -1
2025/10/04-14:47:23.837532 63b0 Options.compaction_options_universal.stop_style: kCompactionStopStyleTotalSize
2025/10/04-14:47:23.837539 63b0 Options.compaction_options_fifo.max_table_files_size: 1073741824
2025/10/04-14:47:23.837545 63b0 Options.compaction_options_fifo.allow_compaction: 0
2025/10/04-14:47:23.837553 63b0                   Options.table_properties_collectors: 
2025/10/04-14:47:23.837560 63b0                   Options.inplace_update_support: 0
2025/10/04-14:47:23.837567 63b0                 Options.inplace_update_num_locks: 10000
2025/10/04-14:47:23.837573 63b0               Options.memtable_prefix_bloom_size_ratio: 0.000000
2025/10/04-14:47:23.837579 63b0               Options.memtable_whole_key_filtering: 0
2025/10/04-14:47:23.837585 63b0   Options.memtable_huge_page_size: 0
2025/10/04-14:47:23.837590 63b0                           Options.bloom_locality: 0
2025/10/04-14:47:23.837596 63b0                    Options.max_successive_merges: 0
2025/10/04-14:47:23.837602 63b0                Options.optimize_filters_for_hits: 0
2025/10/04-14:47:23.837608 63b0                Options.paranoid_file_checks: 0
2025/10/04-14:47:23.837614 63b0                Options.force_consistency_checks: 1
2025/10/04-14:47:23.837619 63b0                Options.report_bg_io_stats: 0
2025/10/04-14:47:23.837625 63b0                               Options.ttl: 2592000
2025/10/04-14:47:23.837630 63b0          Options.periodic_compaction_seconds: 0
2025/10/04-14:47:23.837637 63b0                        Options.default_temperature: kUnknown
2025/10/04-14:47:23.837643 63b0  Options.preclude_last_level_data_seconds: 0
2025/10/04-14:47:23.837649 63b0    Options.preserve_internal_time_seconds: 0
2025/10/04-14:47:23.837655 63b0                       Options.enable_blob_files: false
2025/10/04-14:47:23.837661 63b0                           Options.min_blob_size: 0
2025/10/04-14:47:23.837666 63b0                          Options.blob_file_size: 268435456
2025/10/04-14:47:23.837672 63b0                   Options.blob_compression_type: NoCompression
2025/10/04-14:47:23.837678 63b0          Options.enable_blob_garbage_collection: false
2025/10/04-14:47:23.837685 63b0      Options.blob_garbage_collection_age_cutoff: 0.250000
2025/10/04-14:47:23.837691 63b0 Options.blob_garbage_collection_force_threshold: 1.000000
2025/10/04-14:47:23.837698 63b0          Options.blob_compaction_readahead_size: 0
2025/10/04-14:47:23.837704 63b0                Options.blob_file_starting_level: 0
2025/10/04-14:47:23.837710 63b0         Options.experimental_mempurge_threshold: 0.000000
2025/10/04-14:47:23.837716 63b0            Options.memtable_max_range_deletions: 0
2025/10/04-14:47:23.840580 63b0               Options.comparator: leveldb.BytewiseComparator
2025/10/04-14:47:23.840590 63b0           Options.merge_operator: None
2025/10/04-14:47:23.840594 63b0        Options.compaction_filter: None
2025/10/04-14:47:23.840597 63b0        Options.compaction_filter_factory: None
2025/10/04-14:47:23.840600 63b0  Options.sst_partitioner_factory: None
2025/10/04-14:47:23.840604 63b0         Options.memtable_factory: SkipListFactory
2025/10/04-14:47:23.840607 63b0            Options.table_factory: BlockBasedTable
2025/10/04-14:47:23.840639 63b0            table_factory options:   flush_block_policy_factory: FlushBlockBySizePolicyFactory (000001F24BBF3EC0)
  cache_index_and_filter_blocks: 0
  cache_index_and_filter_blocks_with_high_priority: 1
  pin_l0_filter_and_index_blocks_in_cache: 0
  pin_top_level_index_and_filter: 1
  index_type: 0
  data_block_index_type: 0
  index_shortening: 1
  data_block_hash_table_util_ratio: 0.750000
  checksum: 4
  no_block_cache: 0
  block_cache: 000001F24A6376D0
  block_cache_name: LRUCache
  block_cache_options:
    capacity : 33554432
    num_shard_bits : 6
    strict_capacity_limit : 0
    memory_allocator : None
    high_pri_pool_ratio: 0.500
    low_pri_pool_ratio: 0.000
  persistent_cache: 0000000000000000
  block_size: 4096
  block_size_deviation: 10
  block_restart_interval: 16
  index_block_restart_interval: 1
  metadata_block_size: 4096
  partition_filters: 0
  use_delta_encoding: 1
  filter_policy: nullptr
  whole_key_filtering: 1
  verify_compression: 0
  read_amp_bytes_per_bit: 0
  format_version: 5
  enable_index_compression: 1
  block_align: 0
  max_auto_readahead_size: 262144
  prepopulate_block_cache: 0
  initial_auto_readahead_size: 8192
  num_file_reads_for_auto_readahead: 2
2025/10/04-14:47:23.840647 63b0        Options.write_buffer_size: 10485760
2025/10/04-14:47:23.840656 63b0  Options.max_write_buffer_number: 2
2025/10/04-14:47:23.840665 63b0          Options.compression: Snappy
2025/10/04-14:47:23.840671 63b0                  Options.bottommost_compression: Disabled
2025/10/04-14:47:23.840675 63b0       Options.prefix_extractor: nullptr
2025/10/04-14:47:23.840683 63b0   Options.memtable_insert_with_hint_prefix_extractor: nullptr
2025/10/04-14:47:23.840687 63b0             Options.num_levels: 7
2025/10/04-14:47:23.840692 63b0        Options.min_write_buffer_number_to_merge: 1
2025/10/04-14:47:23.840697 63b0     Options.max_write_buffer_number_to_maintain: 0
2025/10/04-14:47:23.840702 63b0     Options.max_write_buffer_size_to_maintain: 0
2025/10/04-14:47:23.840707 63b0            Options.bottommost_compression_opts.window_bits: -14
2025/10/04-14:47:23.840711 63b0                  Options.bottommost_compression_opts.level: 32767
2025/10/04-14:47:23.840716 63b0               Options.bottommost_compression_opts.strategy: 0
2025/10/04-14:47:23.840721 63b0         Options.bottommost_compression_opts.max_dict_bytes: 0
2025/10/04-14:47:23.840727 63b0         Options.bottommost_compression_opts.zstd_max_train_bytes: 0
2025/10/04-14:47:23.840733 63b0         Options.bottommost_compression_opts.parallel_threads: 1
2025/10/04-14:47:23.840738 63b0                  Options.bottommost_compression_opts.enabled: false
2025/10/04-14:47:23.840743 63b0         Options.bottommost_compression_opts.max_dict_buffer_bytes: 0
2025/10/04-14:47:23.840747 63b0         Options.bottommost_compression_opts.use_zstd_dict_trainer: true
2025/10/04-14:47:23.840752 63b0            Options.compression_opts.window_bits: -14
2025/10/04-14:47:23.840765 63b0                  Options.compression_opts.level: 32767
2025/10/04-14:47:23.840770 63b0               Options.compression_opts.strategy: 0
2025/10/04-14:47:23.840774 63b0         Options.compression_opts.max_dict_bytes: 0
2025/10/04-14:47:23.840779 63b0         Options.compression_opts.zstd_max_train_bytes: 0
2025/10/04-14:47:23.840783 63b0         Options.compression_opts.use_zstd_dict_trainer: true
2025/10/04-14:47:23.840787 63b0         Options.compression_opts.parallel_threads: 1
2025/10/04-14:47:23.840792 63b0                  Options.compression_opts.enabled: false
2025/10/04-14:47:23.840796 63b0         Options.compression_opts.max_dict_buffer_bytes: 0
2025/10/04-14:47:23.840801 63b0      Options.level0_file_num_compaction_trigger: 4
2025/10/04-14:47:23.840805 63b0          Options.level0_slowdown_writes_trigger: 20
2025/10/04-14:47:23.840809 63b0              Options.level0_stop_writes_trigger: 36
2025/10/04-14:47:23.840814 63b0                   Options.target_file_size_base: 67108864
2025/10/04-14:47:23.840818 63b0             Options.target_file_size_multiplier: 1
2025/10/04-14:47:23.840822 63b0                Options.max_bytes_for_level_base: 268435456
2025/10/04-14:47:23.840827 63b0 Options.level_compaction_dynamic_level_bytes: 1
2025/10/04-14:47:23.840832 63b0          Options.max_bytes_for_level_multiplier: 10.000000
2025/10/04-14:47:23.840837 63b0 Options.max_bytes_for_level_multiplier_addtl[0]: 1
2025/10/04-14:47:23.840842 63b0 Options.max_bytes_for_level_multiplier_addtl[1]: 1
2025/10/04-14:47:23.840847 63b0 Options.max_bytes_for_level_multiplier_addtl[2]: 1
2025/10/04-14:47:23.840851 63b0 Options.max_bytes_for_level_multiplier_addtl[3]: 1
2025/10/04-14:47:23.840856 63b0 Options.max_bytes_for_level_multiplier_addtl[4]: 1
2025/10/04-14:47:23.840861 63b0 Options.max_bytes_for_level_multiplier_addtl[5]: 1
2025/10/04-14:47:23.840905 63b0 Options.max_bytes_for_level_multiplier_addtl[6]: 1
2025/10/04-14:47:23.840912 63b0       Options.max_sequential_skip_in_iterations: 8
2025/10/04-14:47:23.840917 63b0                    Options.max_compaction_bytes: 1677721600
2025/10/04-14:47:23.840921 63b0   Options.ignore_max_compaction_bytes_for_input: true
2025/10/04-14:47:23.840926 63b0                        Options.arena_block_size: 1048576
2025/10/04-14:47:23.840930 63b0   Options.soft_pending_compaction_bytes_limit: 68719476736
2025/10/04-14:47:23.840934 63b0   Options.hard_pending_compaction_bytes_limit: 274877906944
2025/10/04-14:47:23.840939 63b0                Options.disable_auto_compactions: 0
2025/10/04-14:47:23.840944 63b0                        Options.compaction_style: kCompactionStyleLevel
2025/10/04-14:47:23.840948 63b0                          Options.compaction_pri: kMinOverlappingRatio
2025/10/04-14:47:23.840953 63b0 Options.compaction_options_universal.size_ratio: 1
2025/10/04-14:47:23.840958 63b0 Options.compaction_options_universal.min_merge_width: 2
2025/10/04-14:47:23.840962 63b0 Options.compaction_options_universal.max_merge_width: 4294967295
2025/10/04-14:47:23.840966 63b0 Options.compaction_options_universal.max_size_amplification_percent: 200
2025/10/04-14:47:23.840971 63b0 Options.compaction_options_universal.compression_size_percent: -1
2025/10/04-14:47:23.840975 63b0 Options.compaction_options_universal.stop_style: kCompactionStopStyleTotalSize
2025/10/04-14:47:23.840980 63b0 Options.compaction_options_fifo.max_table_files_size: 1073741824
2025/10/04-14:47:23.840988 63b0 Options.compaction_options_fifo.allow_compaction: 0
2025/10/04-14:47:23.840994 63b0                   Options.table_properties_collectors: 
2025/10/04-14:47:23.840998 63b0                   Options.inplace_update_support: 0
2025/10/04-14:47:23.841003 63b0                 Options.inplace_update_num_locks: 10000
2025/10/04-14:47:23.841008 63b0               Options.memtable_prefix_bloom_size_ratio: 0.000000
2025/10/04-14:47:23.841012 63b0               Options.memtable_whole_key_filtering: 0
2025/10/04-14:47:23.841017 63b0   Options.memtable_huge_page_size: 0
2025/10/04-14:47:23.841021 63b0                           Options.bloom_locality: 0
2025/10/04-14:47:23.841025 63b0                    Options.max_successive_merges: 0
2025/10/04-14:47:23.841029 63b0                Options.optimize_filters_for_hits: 0
2025/10/04-14:47:23.841034 63b0                Options.paranoid_file_checks: 0
2025/10/04-14:47:23.841038 63b0                Options.force_consistency_checks: 1
2025/10/04-14:47:23.841042 63b0                Options.report_bg_io_stats: 0
2025/10/04-14:47:23.841046 63b0                               Options.ttl: 2592000
2025/10/04-14:47:23.841050 63b0          Options.periodic_compaction_seconds: 0
2025/10/04-14:47:23.841055 63b0                        Options.default_temperature: kUnknown
2025/10/04-14:47:23.841061 63b0  Options.preclude_last_level_data_seconds: 0
2025/10/04-14:47:23.841066 63b0    Options.preserve_internal_time_seconds: 0
2025/10/04-14:47:23.841070 63b0                       Options.enable_blob_files: false
2025/10/04-14:47:23.841074 63b0                           Options.min_blob_size: 0
2025/10/04-14:47:23.841079 63b0                          Options.blob_file_size: 268435456
2025/10/04-14:47:23.841083 63b0                   Options.blob_compression_type: NoCompression
2025/10/04-14:47:23.841087 63b0          Options.enable_blob_garbage_collection: false
2025/10/04-14:47:23.841092 63b0      Options.blob_garbage_collection_age_cutoff: 0.250000
2025/10/04-14:47:23.841097 63b0 Options.blob_garbage_collection_force_threshold: 1.000000
2025/10/04-14:47:23.841102 63b0          Options.blob_compaction_readahead_size: 0
2025/10/04-14:47:23.841106 63b0                Options.blob_file_starting_level: 0
2025/10/04-14:47:23.841111 63b0         Options.experimental_mempurge_threshold: 0.000000
2025/10/04-14:47:23.841115 63b0            Options.memtable_max_range_deletions: 0
2025/10/04-14:47:23.844415 63b0               Options.comparator: leveldb.BytewiseComparator
2025/10/04-14:47:23.844443 63b0           Options.merge_operator: None
2025/10/04-14:47:23.844453 63b0        Options.compaction_filter: None
2025/10/04-14:47:23.844461 63b0        Options.compaction_filter_factory: None
2025/10/04-14:47:23.844469 63b0  Options.sst_partitioner_factory: None
2025/10/04-14:47:23.844477 63b0         Options.memtable_factory: SkipListFactory
2025/10/04-14:47:23.844485 63b0            Options.table_factory: BlockBasedTable
2025/10/04-14:47:23.844533 63b0            table_factory options:   flush_block_policy_factory: FlushBlockBySizePolicyFactory (000001F24BBF3EC0)
  cache_index_and_filter_blocks: 0
  cache_index_and_filter_blocks_with_high_priority: 1
  pin_l0_filter_and_index_blocks_in_cache: 0
  pin_top_level_index_and_filter: 1
  index_type: 0
  data_block_index_type: 0
  index_shortening: 1
  data_block_hash_table_util_ratio: 0.750000
  checksum: 4
  no_block_cache: 0
  block_cache: 000001F24A6376D0
  block_cache_name: LRUCache
  block_cache_options:
    capacity : 33554432
    num_shard_bits : 6
    strict_capacity_limit : 0
    memory_allocator : None
    high_pri_pool_ratio: 0.500
    low_pri_pool_ratio: 0.000
  persistent_cache: 0000000000000000
  block_size: 4096
  block_size_deviation: 10
  block_restart_interval: 16
  index_block_restart_interval: 1
  metadata_block_size: 4096
  partition_filters: 0
  use_delta_encoding: 1
  filter_policy: nullptr
  whole_key_filtering: 1
  verify_compression: 0
  read_amp_bytes_per_bit: 0
  format_version: 5
  enable_index_compression: 1
  block_align: 0
  max_auto_readahead_size: 262144
  prepopulate_block_cache: 0
  initial_auto_readahead_size: 8192
  num_file_reads_for_auto_readahead: 2
2025/10/04-14:47:23.844543 63b0        Options.write_buffer_size: 10485760
2025/10/04-14:47:23.844551 63b0  Options.max_write_buffer_number: 2
2025/10/04-14:47:23.844559 63b0          Options.compression: Snappy
2025/10/04-14:47:23.844566 63b0                  Options.bottommost_compression: Disabled
2025/10/04-14:47:23.844575 63b0       Options.prefix_extractor: nullptr
2025/10/04-14:47:23.844582 63b0   Options.memtable_insert_with_hint_prefix_extractor: nullptr
2025/10/04-14:47:23.844590 63b0             Options.num_levels: 7
2025/10/04-14:47:23.844598 63b0        Options.min_write_buffer_number_to_merge: 1
2025/10/04-14:47:23.844606 63b0     Options.max_write_buffer_number_to_maintain: 0
2025/10/04-14:47:23.844614 63b0     Options.max_write_buffer_size_to_maintain: 0
2025/10/04-14:47:23.844622 63b0            Options.bottommost_compression_opts.window_bits: -14
2025/10/04-14:47:23.844631 63b0                  Options.bottommost_compression_opts.level: 32767
2025/10/04-14:47:23.844639 63b0               Options.bottommost_compression_opts.strategy: 0
2025/10/04-14:47:23.844647 63b0         Options.bottommost_compression_opts.max_dict_bytes: 0
2025/10/04-14:47:23.844656 63b0         Options.bottommost_compression_opts.zstd_max_train_bytes: 0
